NORMALS 1971-2000               YRS    JAN    FEB    MAR    APR    MAY    JUN    JUL    AUG    SEP    OCT    NOV    DEC    ANN
13876BIRMINGHAM AP,AL                 30   42.6   46.8   54.5   61.3   69.3   76.4   80.2   79.6   73.8   62.9   53.1   45.6   62.2
63804HUNTSVILLE, AL                   30   39.8   44.3   52.3   60.4   68.6   76.0   79.5   78.6   72.4   61.3   51.2   43.1   60.6
13838MOBILE, AL                       30   50.1   53.5   60.2   66.1   73.5   79.3   81.5   81.3   77.2   67.7   58.9   52.3   66.8
13821MONTGOMERY, AL                   30   46.6   50.5   57.9   64.3   72.3   78.9   81.8   81.2   76.3   65.4   56.1   49.0   65.0
26451ANCHORAGE, AK                    30   15.8   18.7   25.9   36.3   46.9   54.7   58.4   56.4   48.2   34.1   21.8   17.5   36.2
25308ANNETTE, AK                      30   35.1   37.1   39.5   43.8   49.4   54.3   58.2   58.6   53.8   46.5   39.7   36.4   46.0
27516BARROW, AK                       30  -13.7  -15.9  -13.7   -0.5   20.1   35.0   40.4   38.7   31.2   14.6   -0.9  -10.6   10.4
26615BETHEL, AK                       30    6.6    7.6   14.5   25.9   41.3   51.4   56.0   53.6   45.4   30.0   17.4    9.4   29.9
26533BETTLES,AK                       30  -11.2   -7.9    4.2   22.4   44.3   57.8   60.2   53.5   41.0   18.7   -0.8   -7.4   22.9
26415BIG DELTA,AK                     30   -2.6    2.3   14.2   32.1   47.8   57.5   60.8   55.5   44.4   24.1    6.4    0.1   28.6
25624COLD BAY,AK                      30   28.2   27.6   30.0   33.5   39.8   45.9   50.6   51.8   47.8   40.0   34.5   31.0   38.4
26411FAIRBANKS, AK                    30   -9.7   -3.8   11.1   31.7   48.8   59.7   62.4   56.2   44.5   23.5    2.3   -5.9   26.7
26425GULKANA,AK                       30   -4.7    3.2   15.3   31.1   43.9   53.1   57.0   53.1   43.1   26.4    5.5   -1.6   27.1
25507HOMER, AK                        30   23.4   24.9   29.4   36.4   43.7   50.0   54.1   53.8   47.9   37.8   29.4   25.8   38.1
25309JUNEAU, AK                       30   25.7   28.9   33.7   40.8   47.9   53.9   56.8   55.7   50.0   42.3   33.3   28.7   41.5
25503KING SALMON, AK                  30   15.4   15.6   23.5   33.1   43.5   50.9   55.7   54.8   47.6   33.3   23.2   17.2   34.5
25501KODIAK, AK                       30   29.7   29.9   32.6   37.3   43.5   49.2   54.1   55.0   49.4   40.3   34.0   30.6   40.5
26616KOTZEBUE, AK                     30   -2.5   -3.5   -0.3   11.5   31.6   44.8   54.7   52.1   41.8   23.2    8.3   -0.2   21.8
26510MCGRATH, AK                      30   -6.7   -0.9   11.8   29.1   46.2   56.7   59.8   54.9   44.7   25.3    5.8   -3.8   26.9
26617NOME, AK                         30    5.8    5.7    9.4   19.6   37.1   47.3   52.6   50.6   42.9   28.5   16.9    8.4   27.1
25713ST. PAUL ISLAND, AK              30   25.7   23.3   24.2   28.4   35.7   41.9   46.7   48.4   45.0   38.3   33.1   28.8   35.0
26528TALKEETNA, AK                    30   11.0   15.4   22.6   34.3   45.8   55.3   58.9   55.6   46.2   31.4   17.5   13.0   33.9
26627UNALAKLEET, AK                   30    3.3    4.3   10.7   22.7   39.5   49.0   55.5   53.1   43.6   26.5   12.6    6.1   27.2
26479VALDEZ, AK                       30   21.9   24.8   29.8   37.7   45.8   52.2   55.2   53.6   47.1   38.2   28.3   24.7   38.3
25339YAKUTAT, AK                      30   25.8   28.4   31.5   37.2   43.6   49.7   53.6   53.3   48.2   41.1   32.4   28.6   39.5
03103FLAGSTAFF, AZ                    30   29.7   32.2   36.6   42.9   50.8   60.1   66.1   64.4   57.8   47.1   36.5   30.2   46.2
53156PHOENIX, AZ                      30   56.1   59.9   64.6   71.2   80.7   89.8   94.8   93.1   87.3   74.9   62.7   55.5   74.2
53131TUCSON, AZ                       30   51.7   55.0   59.2   66.0   74.5   84.1   86.5   84.9   80.9   70.5   58.7   51.9   68.7
23194WINSLOW, AZ                      30   34.2   40.0   46.3   53.4   62.2   72.1   77.5   75.6   68.2   55.9   43.2   34.1   55.2
53154YUMA, AZ                         30   58.1   62.0   66.5   72.7   79.9   88.8   94.1   93.5   88.2   77.2   64.8   57.4   75.3
13964FORT SMITH, AR                   30   38.0   43.7   52.6   61.1   69.5   77.5   82.2   81.5   73.9   62.8   50.5   41.0   61.2
13963LITTLE ROCK, AR                  30   40.1   45.2   53.4   61.4   70.1   78.4   82.4   81.3   74.4   63.3   51.7   43.2   62.1
03952NORTH LITTLE ROCK, AR            30   40.2   45.6   54.3   63.0   70.9   78.8   83.2   82.1   75.0   64.5   52.5   43.4   62.8
23155BAKERSFIELD, CA                  30   47.8   53.3   57.3   62.7   70.3   77.7   83.1   81.9   76.7   67.2   54.8   47.2   65.0
23157BISHOP, CA                       30   38.0   42.4   47.7   54.1   62.5   71.1   76.8   74.8   67.3   56.6   44.8   38.0   56.2
24213EUREKA, CA.                      30   47.9   48.9   49.2   50.7   53.6   56.3   58.1   58.7   57.4   54.5   51.0   47.9   52.9
93193FRESNO, CA                       30   46.0   51.4   55.5   61.2   68.8   76.1   81.4   79.9   74.6   65.0   52.7   45.2   63.2
23129LONG BEACH, CA                   30   57.0   58.3   59.7   63.0   65.9   69.8   73.8   75.1   73.4   68.6   61.8   57.1   65.3
23174LOS ANGELES AP, CA               30   57.1   58.0   58.3   60.8   63.1   66.4   69.3   70.7   70.1   66.9   61.6   57.6   63.3
93134LOS ANGELES C.O., CA             30   58.3   60.0   60.7   63.8   66.2   70.5   74.2   75.2   74.0   69.5   62.9   58.5   66.2
24215MOUNT SHASTA, CA                 30   35.3   38.2   41.2   46.3   53.2   60.2   66.1   65.1   59.5   50.5   39.9   34.8   49.2
04222REDDING, CA                      30   45.5   49.1   52.5   57.8   66.2   75.2   81.3   78.9   73.4   63.2   51.1   45.3   61.6
23232SACRAMENTO, CA                   30   46.3   51.2   54.5   58.9   65.5   71.5   75.4   74.8   71.7   64.4   53.3   45.8   61.1
23188SAN DIEGO, CA                    30   57.8   58.9   60.0   62.6   64.6   67.4   70.9   72.5   71.6   67.6   61.8   57.6   64.4
23234SAN FRANCISCO AP, CA             30   49.4   52.4   54.0   56.2   58.7   61.4   62.8   63.6   63.9   61.0   54.7   49.5   57.3
23272SAN FRANCISCO C.O., CA           30   52.3   55.0   55.9   57.3   58.4   60.5   61.3   62.4   63.7   62.5   57.5   52.7   58.3
23190SANTA BARBARA, CA                30   53.1   55.2   56.7   58.9   60.9   64.2   67.0   68.6   67.4   63.5   57.5   53.2   60.5
23273SANTA MARIA, CA                  30   51.6   53.1   53.8   55.5   57.8   60.9   63.5   64.2   63.9   61.1   55.5   51.6   57.7
23237STOCKTON, CA                     30   46.0   51.1   54.9   60.0   66.7   73.2   77.3   76.5   72.8   64.6   53.1   45.3   61.8
23061ALAMOSA, CO                      30   14.7   22.5   32.7   40.8   50.4   59.4   64.1   62.1   54.5   42.8   28.4   17.1   40.8
93037COLORADO SPRINGS, CO             30   28.1   31.7   37.8   45.3   54.6   64.4   69.6   67.6   59.8   48.9   36.2   29.0   47.8
03017DENVER, CO                       30   29.2   33.2   39.6   47.6   57.2   67.6   73.4   71.7   62.4   51.0   37.5   30.3   50.1
03076GRAND JUNCTION, CO               30   26.1   34.1   43.4   50.9   60.5   71.1   76.8   74.7   65.4   52.7   38.1   28.2   51.8
93058PUEBLO, CO                       30   29.3   34.6   41.8   49.9   59.7   69.8   75.4   73.5   64.8   52.4   38.4   30.3   51.7
94702BRIDGEPORT, CT                   30   29.9   31.9   39.5   48.9   59.0   68.0   74.0   73.1   65.7   54.7   45.1   35.1   52.1
14752HARTFORD, CT                     30   25.7   28.8   38.0   48.9   59.9   68.5   73.7   71.6   63.2   51.9   41.8   30.8   50.2
13781WILMINGTON, DE                   30   31.5   34.2   42.7   52.4   62.5   71.5   76.6   75.0   67.7   55.8   45.9   36.4   54.4
93738WASHINGTON DULLES AP, D.C.       30   31.7   34.8   43.4   53.1   62.3   70.9   75.7   74.4   67.3   55.0   45.2   36.0   54.2
13743WASHINGTON NAT'L AP, D.C.        30   34.9   38.1   46.5   56.1   65.6   74.5   79.2   77.4   70.5   58.8   48.7   39.5   57.5
12832APALACHICOLA, FL                 30   52.7   55.3   60.7   66.8   74.1   80.0   81.9   81.7   79.1   70.2   62.0   55.2   68.3
12834DAYTONA BEACH, FL                30   58.4   60.0   64.7   68.9   74.8   79.7   81.7   81.5   79.9   74.0   67.0   60.8   71.0
12835FORT MYERS, FL                   30   64.9   66.0   69.9   73.6   78.8   82.2   83.0   83.1   82.1   77.5   71.7   66.4   74.9
12816GAINESVILLE, FL                  30   54.3   57.0   62.5   67.6   74.3   79.2   80.9   80.4   77.8   70.1   62.8   56.3   68.6
63823JACKSONVILLE, FL                 30   53.1   55.8   61.6   66.6   73.4   79.1   81.6   80.8   77.8   69.4   61.7   55.0   68.0
12850KEY WEST, FL                     30   70.3   70.8   73.8   77.0   80.7   83.4   84.5   84.4   83.4   80.2   76.3   72.0   78.1
12839MIAMI, FL                        30   68.1   69.1   72.4   75.7   79.6   82.4   83.7   83.6   82.4   78.8   74.4   69.9   76.7
12841ORLANDO, FL                      30   60.9   62.6   67.4   71.5   77.1   81.2   82.4   82.5   81.1   75.3   68.8   63.0   72.8
03855PENSACOLA, FL                    30   52.0   54.9   61.0   66.9   74.6   80.6   82.6   82.2   78.7   69.5   60.7   54.1   68.2
93805TALLAHASSEE, FL                  30   51.8   54.8   61.1   66.4   74.4   80.4   82.4   82.1   78.9   69.1   60.4   53.7   68.0
12842TAMPA, FL                        30   61.3   62.7   67.4   71.5   77.6   81.5   82.5   82.7   81.6   75.8   69.3   63.3   73.1
12843VERO BEACH, FL                   30   63.0   63.9   67.7   71.5   76.2   80.4   81.7   81.6   80.7   76.4   70.5   64.7   73.2
12844WEST PALM BEACH, FL              30   66.2   67.2   70.6   73.8   78.2   81.2   82.5   82.8   81.7   78.1   73.1   68.3   75.3
13873ATHENS, GA                       30   42.2   46.0   53.5   60.9   69.1   76.3   79.8   78.4   72.6   61.8   52.7   44.8   61.5
13874ATLANTA, GA                      30   42.7   46.7   54.3   61.6   69.8   76.8   80.0   78.9   73.3   62.8   53.4   45.4   62.1
13837AUGUSTA,GA                       30   44.8   48.4   55.9   62.4   70.5   77.5   80.8   79.3   73.8   63.1   54.4   46.9   63.2
93842COLUMBUS, GA                     30   46.8   50.3   57.6   64.2   72.3   79.2   82.0   81.3   76.2   65.8   56.7   49.1   65.1
03813MACON, GA                        30   45.5   48.9   56.2   62.7   71.0   78.0   81.1   80.0   74.5   63.9   55.1   47.8   63.7
03822SAVANNAH, GA                     30   49.2   52.5   59.3   65.3   72.8   78.8   82.1   80.8   76.7   67.1   58.7   51.4   66.2
21515HILO, HI                         30   71.4   71.5   72.0   72.5   73.7   75.1   75.9   76.3   76.2   75.6   74.0   72.2   73.9
22521HONOLULU,HI                      30   73.0   73.0   74.3   75.6   77.2   79.5   80.8   81.8   81.5   80.2   77.7   74.8   77.5
22516KAHULUI, HI                      30   71.8   71.9   73.1   74.2   75.7   77.6   78.8   79.5   79.1   78.1   76.0   73.4   75.8
22536LIHUE, HI                        30   71.7   71.7   72.7   73.9   75.4   77.7   79.0   79.7   79.5   78.2   75.9   73.3   75.7
24131BOISE, ID                        30   30.2   36.7   43.8   50.6   58.6   67.2   74.7   73.9   64.2   52.8   39.9   30.6   51.9
24149LEWISTON, ID                     30   33.7   38.4   44.7   51.1   58.5   65.8   73.5   73.4   63.8   51.6   40.4   33.9   52.4
24156POCATELLO, ID                    30   24.4   30.0   37.9   45.6   53.5   62.0   69.2   68.4   58.8   47.7   34.7   25.3   46.5
94846CHICAGO,IL                       30   22.0   27.0   37.3   47.8   58.7   68.2   73.3   71.7   63.8   52.1   39.3   27.4   49.1
14923MOLINE, IL                       30   21.1   26.9   38.7   50.5   61.7   71.2   75.3   73.2   65.0   53.0   39.1   26.4   50.2
14842PEORIA, IL                       30   22.5   28.2   39.8   51.2   61.9   71.1   75.1   73.1   65.4   53.4   40.1   27.8   50.8
94822ROCKFORD, IL                     30   19.0   24.7   36.1   47.9   59.6   68.8   72.9   70.9   62.8   51.0   37.2   24.4   47.9
93822SPRINGFIELD, IL                  30   25.1   30.6   41.8   52.8   63.6   72.6   76.3   74.2   67.0   55.5   42.3   30.3   52.7
93817EVANSVILLE, IN                   30   31.0   35.8   45.8   55.5   65.6   74.8   78.6   76.5   69.1   57.3   45.9   35.6   56.0
14827FORT WAYNE, IN                   30   23.6   27.3   38.1   49.0   60.4   69.7   73.4   71.1   64.1   52.4   40.6   29.0   49.9
53842INDIANAPOLIS, IN                 30   26.5   31.2   41.7   52.0   62.6   71.7   75.4   73.5   66.3   54.6   42.9   31.6   52.5
14848SOUTH BEND, IN                   30   23.4   27.3   37.5   48.3   59.6   69.0   73.0   71.0   63.4   52.1   40.1   28.7   49.5
54902DES MOINES, IA                   30   20.4   26.6   38.4   50.6   61.9   71.4   76.1   73.9   65.1   52.8   37.9   24.9   50.0
94908DUBUQUE,IA                       30   17.0   23.1   34.8   47.5   59.1   68.3   72.3   70.0   61.8   50.4   35.7   22.5   46.9
14943SIOUX CITY, IA                   30   18.6   25.1   36.5   49.5   61.2   70.5   74.6   72.1   63.1   50.8   34.8   22.3   48.3
94910WATERLOO, IA                     30   16.1   22.6   35.0   47.8   60.2   69.9   73.6   71.2   62.6   50.2   35.1   21.6   47.2
13984CONCORDIA, KS                    30   26.6   32.4   42.5   52.8   63.0   73.4   79.1   77.0   68.0   56.0   40.8   30.2   53.5
13985DODGE CITY, KS                   30   30.1   36.0   44.3   53.9   63.8   74.3   79.8   78.2   69.3   57.1   42.4   33.1   55.2
23065GOODLAND, KS                     30   27.6   32.4   39.8   48.8   58.7   69.6   75.1   73.2   64.0   51.8   37.4   29.6   50.7
13996TOPEKA, KS                       30   27.2   33.4   44.2   54.5   64.4   73.9   78.4   76.7   68.1   56.6   42.6   31.4   54.3
03923WICHITA, KS                      30   30.2   36.3   45.9   55.3   65.0   75.5   81.0   79.8   70.8   58.6   44.2   33.6   56.4
93812GREATER CINCINNATI AP            30   29.7   34.1   43.9   53.7   63.7   72.0   76.3   74.5   67.4   55.7   44.7   34.6   54.2
03889JACKSON, KY                      30   33.9   37.9   47.1   56.3   64.1   71.4   75.0   73.8   67.9   57.5   47.7   38.3   55.9
93820LEXINGTON, KY                    30   32.0   36.4   45.6   54.6   63.8   72.2   76.1   74.8   68.0   56.6   45.9   36.3   55.2
13810LOUISVILLE, KY                   30   33.0   37.6   46.9   56.4   65.8   74.2   78.4   77.0   70.1   58.5   47.6   37.6   56.9
03816PADUCAH KY                       30   32.9   38.1   47.6   57.0   65.9   74.5   78.2   76.2   69.1   58.0   46.8   36.9   56.8
13970BATON ROUGE, LA                  30   50.1   53.5   60.3   66.6   74.0   79.7   81.7   81.4   77.5   68.1   59.0   52.4   67.0
03937LAKE CHARLES, LA                 30   50.9   54.4   61.0   67.3   74.9   80.5   82.6   82.4   78.4   69.5   60.1   53.3   67.9
12916NEW ORLEANS, LA                  30   52.6   55.7   62.4   68.2   75.6   80.7   82.7   82.5   78.9   70.0   61.4   55.1   68.8
53905SHREVEPORT, LA                   30   46.4   51.2   58.5   65.2   73.0   79.9   83.4   82.9   77.0   66.7   56.1   48.4   65.7
14607CARIBOU, ME                      30    9.5   13.0   24.6   38.1   51.6   60.8   65.6   63.4   53.8   42.8   30.6   16.4   39.2
14764PORTLAND, ME                     30   21.7   24.8   33.7   43.7   53.8   62.9   68.7   67.2   58.7   47.7   38.3   27.6   45.7
93744BALTIMORE, MD                    30   32.3   35.5   43.7   53.2   62.9   71.8   76.5   74.5   67.4   55.4   45.5   36.7   54.6
14753BLUE HILL, MA                    30   26.0   28.3   36.3   46.3   57.0   65.7   71.6   69.9   62.1   51.6   41.8   31.2   49.0
14739BOSTON, MA                       30   29.3   31.5   38.9   48.3   58.5   68.0   73.9   72.3   64.7   54.1   44.9   34.8   51.6
94746WORCESTER, MA                    30   23.6   26.0   34.3   45.0   56.3   64.7   70.1   68.3   60.2   49.6   39.6   28.9   47.2
94849ALPENA, MI                       30   17.8   19.0   28.0   40.3   52.2   61.3   66.7   64.5   56.3   45.6   34.6   24.0   42.5
14822DETROIT, MI                      30   24.5   27.2   36.9   48.1   59.8   69.0   73.5   71.8   63.9   51.9   40.7   29.6   49.7
14826FLINT, MI                        30   21.3   23.8   33.7   45.4   57.1   66.2   70.6   68.5   60.7   49.2   38.1   26.7   46.8
94860GRAND RAPIDS, MI                 30   22.4   25.0   34.6   46.3   58.1   67.1   71.4   69.4   61.3   49.9   38.4   27.6   47.6
94814HOUGHTON LAKE, MI                30   17.8   19.9   29.3   41.8   53.9   62.2   66.7   64.6   56.8   46.1   34.8   23.7   43.1
14836LANSING, MI                      30   21.6   24.0   33.9   45.5   57.1   66.2   70.3   68.4   60.5   49.2   38.0   26.9   46.8
94836MARQUETTE, MI                    30   11.5   14.8   23.7   36.4   50.3   59.3   64.4   62.3   53.5   42.5   28.9   17.2   38.7
14840MUSKEGON, MI                     30   23.5   25.4   34.0   44.9   56.1   64.9   69.9   68.5   60.5   49.7   38.7   28.6   47.1
14847SAULT STE. MARIE, MI             30   13.2   15.6   24.9   38.4   51.3   58.6   63.9   63.3   54.8   44.4   32.4   20.2   40.1
04919DULUTH, MN                       30    8.4   14.8   25.4   39.0   51.8   59.9   65.5   63.7   54.7   43.5   28.0   14.0   39.1
14918INTERNATIONAL FALLS, MN          30    2.7   10.9   23.6   39.3   53.3   61.6   66.1   63.8   53.2   41.6   24.4    8.5   37.4
14922MINNEAPOLIS-ST.PAUL, MN          30   13.1   20.1   32.1   46.6   59.3   68.4   73.2   70.6   61.0   48.7   32.5   18.7   45.4
14925ROCHESTER, MN                    30   11.8   18.4   30.6   44.7   56.9   66.1   70.1   67.7   58.9   47.0   31.2   17.3   43.4
14926SAINT CLOUD, MN                  30    8.8   16.1   28.4   43.6   56.6   65.1   69.8   67.2   57.4   45.3   28.8   14.4   41.8
13927JACKSON, MS                      30   45.0   49.2   56.8   63.4   71.5   78.5   81.4   80.9   75.5   64.4   54.8   47.6   64.1
53849MERIDIAN, MS                     30   46.1   50.2   57.3   63.8   71.7   78.5   81.7   81.4   76.1   64.8   55.7   48.9   64.7
93862TUPELO, MS                       30   40.4   44.8   53.1   60.9   69.4   76.9   80.6   79.6   73.3   61.9   51.5   43.4   61.3
03945COLUMBIA, MO                     30   27.8   33.7   44.0   54.4   63.7   72.7   77.4   75.7   67.3   56.0   43.2   32.0   54.0
13988KANSAS CITY, MO                  30   26.9   33.0   43.8   54.4   64.3   73.6   78.5   76.6   68.1   56.8   42.7   31.3   54.2
13994ST. LOUIS, MO                    30   29.6   35.4   45.8   56.6   66.5   75.6   80.2   78.2   70.2   58.3   45.3   33.9   56.3
13995SPRINGFIELD, MO                  30   31.7   37.1   46.3   55.6   64.7   73.4   78.5   77.6   69.3   58.4   45.9   35.7   56.2
24033BILLINGS, MT                     30   24.0   29.8   37.0   46.1   55.7   65.2   72.0   70.9   59.5   48.1   34.1   26.1   47.4
94008GLASGOW, MT                      30   10.8   19.1   30.9   44.5   55.5   64.4   70.2   69.5   57.3   45.0   27.9   15.6   42.6
24143GREAT FALLS, MT                  30   21.7   26.4   33.4   42.6   51.5   60.0   66.2   65.6   55.4   45.5   32.3   24.3   43.7
94012HAVRE, MT                        30   14.6   21.9   32.5   44.3   54.5   62.7   68.3   67.6   56.3   44.6   29.1   19.0   43.0
24144HELENA, MT                       30   20.2   26.4   35.1   44.1   52.9   61.2   67.8   66.7   56.1   44.8   30.9   21.4   44.0
24146KALISPELL, MT                    30   21.4   26.8   34.9   43.4   51.3   57.7   63.5   63.2   53.1   41.9   30.9   23.1   42.6
24153MISSOULA, MT                     30   23.5   29.0   37.6   45.2   52.7   60.2   66.9   66.3   56.1   44.4   32.0   23.4   44.8
14935GRAND ISLAND, NE                 30   22.4   28.2   38.3   49.9   60.6   71.1   75.8   73.6   64.4   52.0   36.4   25.6   49.9
94996LINCOLN, NE                      30   22.4   28.3   39.4   51.2   62.0   72.7   77.8   75.4   66.0   53.5   38.1   26.5   51.1
14941NORFOLK, NE                      30   20.4   26.4   37.0   49.1   60.3   70.1   74.8   72.7   63.4   51.0   35.1   23.7   48.7
24023NORTH PLATTE, NE                 30   23.2   29.4   38.0   48.1   58.3   68.4   74.3   72.6   62.4   49.7   34.6   25.7   48.7
14942OMAHA EPPLEY AP, NE              30   21.7   28.0   39.3   51.4   62.2   72.2   76.7   74.5   65.4   53.2   38.0   25.6   50.7
94918OMAHA (NORTH), NE                30   22.4   28.5   39.8   52.0   62.3   71.5   75.6   74.0   65.7   53.9   38.4   26.2   50.9
24028SCOTTSBLUFF, NE                  30   24.5   30.0   37.3   46.2   56.8   67.2   73.0   70.9   60.5   47.8   34.0   25.7   47.8
24032VALENTINE, NE                    30   20.8   26.6   35.3   46.1   57.5   67.6   73.7   72.1   61.5   48.3   33.0   23.6   47.2
24121ELKO, NV                         30   25.6   31.3   38.6   44.6   52.7   61.7   69.1   67.6   58.2   46.7   34.5   26.0   46.4
23154ELY, NV                          30   25.2   29.8   35.9   42.2   50.4   59.9   67.4   65.8   56.7   45.4   33.5   25.8   44.8
53127LAS VEGAS, NV                    30   47.0   52.2   58.3   66.0   75.4   85.6   91.2   89.3   81.3   68.7   55.0   47.0   68.1
23185RENO, NV                         30   33.6   38.5   43.3   48.6   56.4   64.7   71.3   69.9   62.4   52.0   40.9   33.6   51.3
24128WINNEMUCCA, NV                   30   30.1   36.1   41.1   46.7   55.2   64.3   72.0   69.9   60.3   48.8   37.4   29.6   49.3
14745CONCORD, NH                      30   20.1   23.3   33.3   44.6   56.0   64.9   70.0   68.2   59.4   47.8   37.6   25.9   45.9
14755MT. WASHINGTON, NH               30    5.2    6.6   13.6   22.9   35.6   44.4   48.7   47.6   40.4   30.2   20.6   10.1   27.2
93730ATLANTIC CITY AP, NJ             30   32.1   34.2   41.8   50.6   60.5   69.7   75.3   73.5   66.3   55.1   45.9   36.8   53.5
13724ATLANTIC CITY C.O.,NJ            30   35.2   36.9   43.3   51.4   60.5   69.4   75.2   74.8   68.9   58.5   49.0   40.2   55.3
14734NEWARK, NJ                       30   31.3   33.8   42.2   52.3   62.7   71.9   77.2   75.5   67.8   56.4   46.4   36.4   54.5
23050ALBUQUERQUE, NM                  30   35.7   41.4   48.1   55.6   64.7   74.8   78.5   76.1   69.1   57.3   44.4   36.1   56.8
23051CLAYTON, NM                      30   33.9   37.6   43.7   51.7   60.5   69.9   73.8   72.2   64.7   54.6   42.2   34.8   53.3
23009ROSWELL, NM                      30   40.0   45.7   52.9   60.5   69.6   78.0   80.8   78.9   72.0   61.4   48.9   40.7   60.8
14735ALBANY, NY                       30   22.2   25.0   35.0   46.6   58.1   66.3   71.1   69.0   60.6   49.3   39.2   28.0   47.5
04725BINGHAMTON, NY                   30   21.7   23.8   32.7   44.1   55.9   63.9   68.7   66.6   58.8   48.1   37.6   27.1   45.8
14733BUFFALO, NY                      30   24.5   25.9   34.3   45.3   57.0   65.8   70.8   69.1   61.5   50.7   40.2   29.8   47.9
04781ISLIP, NY                        30   30.9   32.4   39.8   49.1   59.2   68.5   74.6   73.1   65.8   54.3   44.9   35.7   52.4
94728NEW YORK C.PARK, NY              30   32.1   34.6   42.5   52.5   62.6   71.2   76.5   75.1   67.5   56.6   47.1   37.3   54.6
94789NEW YORK (JFK AP), NY            30   31.8   33.5   40.9   50.1   59.7   68.8   74.8   74.1   67.2   56.5   46.8   37.2   53.5
14732NEW YORK (LAGUARDIA AP), NY      30   32.6   34.8   42.3   52.2   62.4   71.5   77.1   75.9   68.6   57.7   47.6   37.9   55.1
14768ROCHESTER, NY                    30   23.9   25.3   33.9   45.3   57.0   65.8   70.7   68.9   61.2   50.4   39.9   29.4   47.6
14771SYRACUSE, NY                     30   22.7   24.5   33.6   45.3   57.1   65.8   70.9   69.2   61.3   50.1   39.7   28.6   47.4
53877ASHEVILLE, NC                    30   35.8   39.0   46.3   54.1   62.0   69.2   73.0   71.8   65.7   55.2   46.4   39.0   54.8
93729CAPE HATTERAS, NC                30   46.1   46.8   52.4   59.8   67.6   74.8   79.2   78.6   74.8   65.7   57.6   50.0   62.8
13881CHARLOTTE, NC                    30   41.7   45.2   52.8   60.9   69.0   76.5   80.3   78.9   72.7   61.7   52.3   44.4   61.4
13723GREENSBORO-WNSTN-SALM-HGHPT,NC   30   37.7   41.2   49.1   57.6   65.8   73.6   77.9   76.2   69.8   58.5   49.2   41.0   58.1
13722RALEIGH, NC                      30   39.7   43.0   50.7   59.1   67.0   74.7   78.8   77.2   71.2   60.0   51.0   43.0   59.6
13748WILMINGTON, NC                   30   46.1   48.5   55.0   62.7   70.2   77.0   81.1   79.7   75.0   64.8   56.5   48.9   63.8
24011BISMARCK, ND                     30   10.2   18.1   29.7   43.3   56.0   64.7   70.4   69.0   57.7   45.2   28.0   15.2   42.3
14914FARGO, ND                        30    6.8   14.1   27.2   43.5   57.4   66.0   70.6   69.0   58.0   45.3   27.0   12.5   41.5
94925GRAND FORKS, ND                  30    5.3   13.1   25.7   42.3   56.8   65.2   69.4   67.8   57.0   44.3   25.8   11.3   40.3
94014WILLISTON, ND                    30    8.0   16.8   28.7   42.5   54.6   63.7   69.3   68.3   56.1   43.6   25.6   13.0   40.9
14895AKRON, OH                        30   25.2   28.3   37.7   48.1   58.8   67.5   71.8   70.3   63.0   51.6   41.1   30.7   49.5
14820CLEVELAND, OH                    30   25.7   28.4   37.5   47.6   58.5   67.5   71.9   70.2   63.3   52.2   41.8   31.1   49.6
63825COLUMBUS, OH                     30   28.3   32.0   42.0   52.0   62.6   71.2   75.1   73.5   66.5   54.7   43.7   33.5   52.9
93815DAYTON, OH                       30   26.3   30.3   40.2   50.6   61.2   70.2   74.3   72.3   65.1   53.5   42.2   31.4   51.5
14891MANSFIELD, OH                    30   24.3   27.3   36.7   47.2   58.0   66.8   71.0   69.3   62.6   51.5   40.5   29.6   48.7
94830TOLEDO, OH                       30   23.9   27.0   37.2   48.3   59.6   68.8   73.0   70.8   63.5   51.8   40.5   29.2   49.5
14852YOUNGSTOWN, OH                   30   24.9   27.7   36.7   47.4   57.6   65.9   69.9   68.4   61.5   50.8   40.7   30.4   48.5
13919OKLAHOMA CITY, OK                30   36.7   42.3   51.0   59.7   68.4   76.8   82.0   81.2   73.2   62.0   48.9   39.5   60.1
53908TULSA, OK                        30   36.4   42.0   51.4   60.8   69.3   78.0   83.5   82.2   73.5   62.6   49.7   39.7   60.8
94224ASTORIA, OR                      30   42.4   44.2   46.0   48.5   52.7   56.7   60.1   60.8   58.5   52.6   46.6   42.8   51.0
94185BURNS,OR                         30   24.4   30.0   37.0   43.0   50.9   58.1   65.9   64.2   55.0   44.4   32.7   24.9   44.2
24221EUGENE, OR                       30   39.8   42.8   46.3   49.8   54.8   60.2   66.2   66.4   61.7   52.6   44.7   39.5   52.1
24225MEDFORD, OR                      30   39.1   43.5   47.1   51.6   58.1   65.6   72.7   72.5   65.9   55.1   43.9   38.1   54.4
24155PENDLETON, OR                    30   33.8   38.7   45.1   51.0   58.1   65.4   72.6   72.0   63.4   52.3   41.2   33.9   52.3
24229PORTLAND, OR                     30   39.9   43.1   47.2   51.2   57.1   62.7   68.1   68.5   63.6   54.3   45.8   40.2   53.5
24232SALEM, OR                        30   40.3   43.0   46.5   50.0   55.6   61.2   66.8   67.0   62.2   52.9   45.2   40.2   52.6
24235SEXTON SUMMIT, OR                30   37.5   38.6   39.6   43.4   49.9   56.5   63.7   64.2   60.1   51.3   40.5   37.3   48.6
14737ALLENTOWN, PA                    30   27.1   29.9   38.8   49.0   59.6   68.5   73.3   71.2   63.4   52.0   42.0   32.0   50.6
14860ERIE, PA.                        30   26.9   28.2   36.5   46.8   58.1   67.4   72.1   70.9   64.0   53.3   42.9   32.7   50.0
14711HARRISBURG, PA                   30   30.3   32.8   41.7   52.1   62.0   70.7   75.9   74.0   66.2   54.5   44.3   34.8   53.3
14711MIDDLETOWN/HARRISBURG INTL APT   30   30.3   32.8   41.7   52.1   62.0   70.7   75.9   74.0   66.2   54.5   44.3   34.8   53.3
13739PHILADELPHIA, PA                 30   32.3   34.8   43.2   53.1   63.5   72.3   77.6   76.3   68.8   57.2   47.1   37.4   55.3
94823PITTSBURGH, PA                   30   27.5   30.5   39.8   49.9   60.0   68.4   72.6   71.0   64.0   52.5   42.3   32.5   50.9
04813AVOCA, PA                        30   26.3   28.9   37.9   48.7   59.6   67.5   72.1   70.3   62.5   51.5   41.5   31.4   49.9
14778WILLIAMSPORT, PA                 30   25.5   28.5   38.0   49.0   59.5   67.8   72.4   70.9   63.1   51.3   40.8   30.7   49.8
14765PROVIDENCE, RI                   30   28.7   30.9   38.8   48.6   58.7   67.6   73.3   71.9   64.0   53.0   43.8   33.8   51.1
13880CHARLESTON AP,SC                 30   47.9   50.7   57.7   64.2   72.1   78.2   81.7   80.5   76.1   66.2   58.0   50.5   65.3
13782CHARLESTON C.O.,SC               30   49.8   52.4   58.7   65.9   73.5   79.4   82.8   81.6   77.6   68.5   60.5   52.8   67.0
13883COLUMBIA, SC                     30   44.6   47.9   55.4   63.2   71.6   78.5   82.0   80.3   74.7   63.7   54.7   47.0   63.6
03870GREENVILLE-SPARTANBURG AP, SC    30   40.8   44.4   51.6   59.0   67.2   74.7   78.8   77.5   71.4   60.5   51.1   43.5   60.0
14929ABERDEEN, SD                     30   11.0   18.7   30.7   45.4   57.9   66.8   72.2   70.5   59.8   46.8   29.3   16.0   43.8
14936HURON, SD                        30   14.2   21.0   32.6   46.1   58.2   67.9   73.4   71.5   61.0   47.9   31.3   18.6   45.3
24006RAPID CITY, SD                   30   22.4   27.3   34.9   44.7   55.0   64.6   71.7   71.1   60.6   48.2   33.4   24.7   46.6
14944SIOUX FALLS, SD                  30   14.0   20.8   32.6   45.7   57.8   67.5   73.0   70.8   60.9   48.0   31.3   18.3   45.1
13877BRISTOL-JHNSN CTY-KNGSPRT,TN     30   34.2   38.0   46.5   54.6   63.0   70.7   74.2   72.8   66.6   55.0   45.5   37.3   54.9
13882CHATTANOOGA, TN                  30   39.4   43.4   51.4   59.6   67.7   75.4   79.6   78.5   72.1   60.4   50.3   42.4   60.0
13891KNOXVILLE, TN                    30   37.6   41.8   49.7   57.8   66.0   73.8   77.7   76.9   70.8   58.8   49.0   40.9   58.4
13893MEMPHIS, TN                      30   39.9   44.9   53.5   62.1   70.6   78.7   82.5   81.2   74.8   63.8   52.3   43.3   62.3
13897NASHVILLE, TN                    30   36.8   41.3   50.1   58.5   67.1   75.1   79.1   77.9   71.3   59.9   49.3   40.5   58.9
03841OAK RIDGE,TN                     30   36.6   40.6   48.8   57.2   65.6   73.3   77.3   76.2   70.0   58.4   47.7   39.4   57.6
13962ABILENE, TX                      30   43.5   48.6   56.4   64.6   72.8   79.8   83.5   82.6   75.5   66.0   53.7   45.4   64.4
23047AMARILLO, TX                     30   35.8   40.6   47.9   56.2   65.2   74.3   78.2   76.3   69.1   58.2   45.1   37.0   57.0
13958AUSTIN/CITY, TX                  30   50.2   54.6   61.7   68.3   75.1   81.0   84.2   84.5   79.5   70.6   59.7   52.1   68.5
13904AUSTIN/BERGSTROM, TX             30   51.1   55.5   62.6   68.9   75.6   81.5   84.6   84.5   79.5   70.8   60.5   52.9   69.0
12919BROWNSVILLE, TX                  30   59.6   62.7   68.8   73.8   79.3   82.7   83.9   84.0   81.0   75.0   67.7   61.1   73.3
12924CORPUS CHRISTI, TX               30   56.1   59.5   66.0   71.5   77.5   81.9   83.8   83.9   80.8   73.8   65.1   58.1   71.5
03927DALLAS-FORT WORTH, TX            30   44.1   49.4   57.4   65.0   73.1   80.9   85.0   84.4   77.5   67.2   55.1   46.7   65.5
13960DALLAS-LOVE FIELD, TX            30   45.9   51.0   58.8   66.3   74.4   82.2   86.5   86.1   78.9   68.4   56.4   48.0   66.9
22001DEL RIO, TX                      30   51.3   56.1   63.8   70.6   77.7   82.9   85.3   85.1   80.0   71.1   60.1   52.4   69.7
23044EL PASO, TX                      30   45.1   50.5   57.0   64.6   73.7   82.1   83.3   81.1   75.4   64.9   52.7   45.4   64.7
12923GALVESTON, TX                    30   55.8   58.0   64.1   70.0   76.9   82.2   84.3   84.4   81.1   74.1   65.4   58.1   71.2
12975HOUSTON, TX                      30   51.8   55.4   62.3   68.5   75.8   81.3   83.6   83.3   78.9   70.4   60.9   53.7   68.8
23042LUBBOCK, TX                      30   38.1   43.3   51.2   60.0   69.2   77.1   79.8   78.0   70.9   60.7   48.1   39.7   59.7
23023MIDLAND-ODESSA, TX               30   43.2   48.6   55.9   63.7   72.8   79.6   81.7   80.4   73.9   64.4   52.3   44.8   63.4
12917PORT ARTHUR, TX                  30   52.2   55.6   62.2   68.2   75.4   80.9   82.7   82.5   78.7   70.1   60.9   54.2   68.6
23034SAN ANGELO, TX                   30   44.9   49.7   57.2   65.0   73.1   79.2   82.4   81.3   74.8   65.4   54.0   46.4   64.5
12970SAN ANTONIO, TX                  30   50.3   54.7   62.1   68.6   75.8   81.5   84.3   84.2   79.4   70.7   60.0   52.4   68.7
12912VICTORIA, TX                     30   53.2   56.7   63.7   69.7   76.6   81.8   84.2   84.2   80.1   72.3   62.7   55.2   70.0
53952WACO, TX                         30   46.1   50.8   58.5   65.9   74.1   81.3   85.4   85.2   78.6   68.6   56.8   48.3   66.6
13966WICHITA FALLS, TX                30   40.5   45.7   54.2   62.4   71.4   79.7   84.8   83.5   75.6   64.7   51.9   42.9   63.1
23176MILFORD, UT                      30   28.1   33.7   41.6   48.3   56.6   66.7   74.2   72.6   63.1   50.6   37.6   28.6   50.1
04116SALT LAKE CITY, UT               30   29.2   34.5   43.1   50.0   58.8   69.0   77.0   75.6   65.0   52.5   39.6   30.2   52.0
14742BURLINGTON, VT                   30   18.0   19.9   30.7   43.5   56.5   65.6   70.6   68.2   59.4   47.7   37.1   24.8   45.2
13733LYNCHBURG, VA                    30   34.5   37.8   46.0   55.3   63.4   71.0   75.1   73.8   67.1   56.1   46.6   38.2   55.4
13737NORFOLK, VA                      30   40.1   42.0   49.0   57.4   66.3   74.5   79.1   77.4   72.1   61.1   52.3   44.2   59.6
13740RICHMOND, VA                     30   36.4   39.5   47.7   57.1   65.4   73.5   77.9   76.3   69.8   58.3   49.0   40.4   57.6
13741ROANOKE, VA                      30   35.8   39.1   47.2   56.1   64.1   71.9   76.2   74.7   67.7   56.6   47.3   39.1   56.3
24227OLYMPIA, WA                      30   38.1   40.5   43.6   47.4   53.3   58.2   62.8   63.3   58.3   49.7   42.4   38.0   49.6
94240QUILLAYUTE, WA                   30   40.6   42.2   43.8   46.7   51.2   54.9   58.6   59.3   56.5   50.1   44.2   40.6   49.1
24281SEATTLE C.O., WA                 30   41.5   43.8   46.9   50.9   56.6   61.1   65.5   66.0   61.3   53.4   46.0   41.3   52.9
24233SEATTLE SEA-TAC AP, WA           30   40.9   43.3   46.2   50.2   55.8   60.7   65.3   65.6   61.1   52.7   45.2   40.7   52.3
24114SPOKANE, WA                      30   27.3   32.5   39.5   46.5   54.4   61.6   68.6   68.6   59.2   47.2   34.9   27.2   47.3
24160WALLA WALLA WASHINGTON           30   34.7   39.7   46.5   52.7   59.8   67.3   75.3   75.2   66.1   54.7   43.1   35.1   54.2
24243YAKIMA, WA                       30   29.1   35.2   42.5   48.7   56.2   62.9   69.1   68.3   60.0   48.6   37.0   28.8   48.9
03872BECKLEY, WV                      30   30.4   33.9   42.1   51.5   59.9   67.0   70.7   69.3   63.1   52.8   43.4   34.8   51.6
13866CHARLESTON, WV                   30   33.4   36.9   45.3   54.3   62.4   69.9   73.9   72.6   66.2   55.1   45.9   37.5   54.5
03733ELKINS, WV                       30   28.6   31.6   40.0   48.9   57.9   65.6   69.6   68.5   62.1   50.6   41.0   32.7   49.8
03860HUNTINGTON, WV                   30   32.7   36.8   45.9   55.2   63.6   71.3   75.3   73.9   66.9   55.6   45.9   37.1   55.0
14898GREEN BAY, WI                    30   15.6   20.5   31.3   44.2   56.4   65.4   69.9   67.5   58.8   47.4   34.0   21.2   44.4
14920LA CROSSE, WI                    30   15.9   22.6   34.6   48.4   60.6   69.6   74.0   71.6   62.7   50.6   35.5   21.8   47.3
14837MADISON, WI                      30   17.3   22.6   33.7   45.9   57.7   67.0   71.6   69.1   60.7   49.3   35.5   23.0   46.1
94869MILWAUKEE, WI                    30   20.7   25.4   34.9   45.2   56.1   66.3   72.0   70.6   63.0   51.4   38.4   26.2   47.5
24089CASPER, WY                       30   22.3   26.7   35.0   42.7   52.1   62.7   70.0   68.6   57.6   45.7   32.0   23.8   44.9
24018CHEYENNE, WY                     30   25.9   28.8   34.2   41.6   51.3   61.5   67.7   65.9   56.6   45.4   33.3   27.1   44.9
94078LANDER, WY                       30   20.3   25.6   35.5   43.9   53.4   63.7   70.9   69.4   58.7   46.4   30.3   21.3   45.0
24029SHERIDAN, WY                     30   21.3   26.9   35.3   43.9   52.5   61.6   68.8   68.2   57.1   45.1   31.0   22.4   44.5
41415GUAM, PC                         30   77.6   77.6   78.4   79.5   80.3   80.5   79.8   79.5   79.7   79.5   79.6   78.9   79.2
21603JOHNSTON ISLAND, PC              30   77.5   77.7   77.9   78.7   79.8   81.2   82.0   82.6   82.5   81.9   79.9   78.3   80.0
40309KOROR, PC                        30   81.4   81.2   81.8   82.3   82.6   81.8   81.4   81.6   82.0   82.1   82.5   82.0   81.9
40604KWAJALEIN, MARSHALL IS., PC      30   81.6   81.8   82.3   82.2   82.4   82.2   82.1   82.3   82.3   82.4   82.1   81.9   82.1
40710MAJURO, MARSHALL IS, PC          30   80.8   81.1   81.2   81.1   81.3   81.2   81.1   81.4   81.5   81.5   81.4   80.9   81.2
61705PAGO PAGO, AMER SAMOA, PC        30   81.5   81.8   82.0   81.6   80.9   80.3   79.7   79.8   80.3   80.7   81.2   81.7   81.0
40504POHNPEI, CAROLINE IS., PC        30   80.8   81.1   81.4   81.2   81.2   81.0   80.7   80.7   80.7   80.7   81.0   80.9   81.0
40505CHUUK, E. CAROLINE IS., PC       30   81.5   81.3   81.6   81.8   81.9   81.6   81.4   80.9   81.3   81.4   82.1   81.5   81.5
41606WAKE ISLAND, PC                  30   77.8   77.3   78.2   79.2   80.8   82.6   83.3   83.3   83.6   82.6   81.0   79.3   80.8
40308YAP, W CAROLINE IS., PC          30   80.1   80.3   80.8   81.5   81.7   81.0   80.6   80.4   80.6   80.7   80.9   80.6   80.8
11641SAN JUAN, PR                     30   76.6   76.9   77.6   79.1   80.6   82.1   82.2   82.4   82.2   81.6   79.6   77.7   79.9
