     DATA THROUGH 2011                  YEARS   JAN     FEB     MAR     APR     MAY     JUN     JUL     AUG     SEP     OCT     NOV     DEC     ANN   
                                        M   A   M   A   M   A   M   A   M   A   M   A   M   A   M   A   M   A   M   A   M   A   M   A   M   A   M   A 
13876BIRMINGHAM AP,AL                  48  48  78  66  77  63  77  61  81  61  84  64  83  63  85  66  85  65  85  66  85  63  81  64  80  66  82  64
03856HUNTSVILLE, AL                    44  44  80  70  79  66  78  64  80  61  85  65  87  65  89  69  89  68  88  68  86  65  82  66  81  69  84  67
13894MOBILE, AL                        49  49  81  67  82  64  84  64  86  63  87  64  88  65  89  69  90  70  88  68  85  63  85  66  83  68  86  66
13895MONTGOMERY, AL                    48  48  80  67  79  64  80  62  84  63  86  64  87  65  89  68  90  68  88  66  87  64  85  65  82  67  85  66
26451ANCHORAGE, AK                     58  58  74  73  74  67  69  56  66  53  62  49  67  56  73  62  78  64  79  64  78  66  77  73  77  76  73  64
25308ANNETTE, AK                       46  46  81  76  80  73  77  69  75  66  75  65  77  68  81  71  83  72  85  75  84  78  82  78  82  79  80  73
27502BARROW, AK                        60  60  70  70  68  68  69  69  76  75  85  82  87  83  88  83  91  86  90  86  85  84  79  79  73  73  81  79
27401BARTER IS.,AK                     40  40  70  70  68  67  68  67  74  74  84  84  87  87  86  86  88  88  88  87  83  83  75  75  70  70  79  78
26615BETHEL, AK                        61  61  77  76  77  74  79  74  82  71  79  61  78  59  85  67  90  72  91  70  88  76  83  81  78  78  83  72
26533BETTLES,AK                        61  61  70  69  68  64  67  59  66  58  61  49  60  46  69  53  78  59  78  61  78  72  73  72  71  71  70  62
26415BIG DELTA,AK                      52  52  66  65  68  61  64  52  56  43  50  37  57  43  64  49  69  50  71  52  75  66  71  68  68  68  65  55
25624COLD BAY,AK                       42  42  85  82  85  81  84  77  84  76  84  75  87  77  90  81  91  82  88  79  84  76  84  80  84  82  86  80
26411FAIRBANKS, AK                     59  59  71  71  69  65  68  52  60  44  52  37  60  42  69  50  77  54  78  54  80  67  76  74  73  73  70  58
26425GULKANA,AK                        59  59  73  72  73  67  70  53  63  44  57  39  59  41  67  47  71  48  75  52  80  65  76  75  74  74  70  57
25507HOMER, AK                         62  62  78  74  77  70  75  64  72  63  70  63  71  64  76  69  79  70  80  68  79  66  77  71  78  76  76  69
25309JUNEAU, AK                        45  45  79  75  82  72  79  66  76  60  74  59  75  61  79  68  82  70  86  75  85  77  82  78  82  80  81  71
25503KING SALMON, AK                   63  63  79  76  78  70  78  65  76  61  73  55  77  59  83  64  86  67  86  66  85  68  83  76  79  77  81  68
25501KODIAK, AK                        64  64  79  75  79  73  75  68  73  68  75  71  79  75  82  76  80  73  80  72  78  68  77  71  77  74  78  73
26616KOTZEBUE, AK                      48  48  73  73  74  73  73  71  78  76  82  78  81  76  82  76  84  77  83  73  82  76  78  77  75  76  79  76
26510MCGRATH, AK                       57  57  73  72  73  64  72  52  67  49  62  43  66  47  74  55  83  61  84  60  84  70  79  76  76  75  75  61
26617NOME, AK                          48  48  74  74  74  72  73  70  77  74  76  72  76  73  81  78  83  78  80  71  79  71  77  75  74  74  77  74
25713ST. PAUL ISLAND, AK               33  33  83  83  86  84  86  81  86  81  89  81  92  83  95  88  94  89  90  83  84  78  82  79  83  82  88  83
26528TALKEETNA, AK                     60  60  71  67  73  62  69  55  66  50  64  47  69  52  78  60  84  63  83  62  80  66  75  70  72  72  74  61
26627UNALAKLEET, AK                    10  10  70  69  73  73  70  70  75  74  72  71  74  74  75  75  73  73  70  69  72  71  74  73  69  69  72  72
26442VALDEZ, AK                        33  33  74  73  70  69  64  64  61  60  62  61  65  64  72  71  72  72  73  73  71  70  71  70  76  75  69  69
25339YAKUTAT, AK                       47  47  84  82  85  77  81  70  78  68  76  70  79  73  84  77  86  78  88  77  89  79  86  81  85  84  84  77
03103FLAGSTAFF, AZ                     54  54  74  50  74  45  72  40  66  31  62  26  53  20  67  37  77  44  74  36  72  36  70  43  72  52  70  39
23183PHOENIX, AZ                       51  51  63  31  59  27  54  23  41  16  33  12  28  11  42  19  48  22  45  21  47  21  54  26  63  33  49  22
23160TUCSON, AZ                        71  71  61  32  58  27  52  22  41  15  33  12  31  12  55  28  64  32  55  26  51  24  52  27  61  34  52  25
23194WINSLOW, AZ                       34  34  75  46  68  33  60  24  50  19  43  15  36  13  56  26  65  29  63  27  59  26  64  32  74  46  60  29
23195YUMA, AZ                          14  14  29  28  25  24  21  21  17  17  16  15  14  13  23  22  24  24  24  24  23  23  27  27  32  32  23  22
13964FORT SMITH, AR                    47  47  80  67  78  64  77  60  80  60  86  67  87  66  86  64  85  63  86  65  85  62  82  65  81  67  83  65
13963LITTLE ROCK, AR                   47  47  78  66  77  64  77  63  80  64  85  66  83  62  84  63  84  63  84  64  83  61  80  64  78  66  82  64
23155BAKERSFIELD, CA                   35  35  84  63  79  51  74  43  66  33  57  26  51  23  49  22  52  23  55  27  62  34  76  50  82  60  66  38
23157BISHOP, CA                        16  16  69  35  68  31  58  19  53  17  50  15  43  13  47  14  46  13  48  15  54  19  62  26  66  33  56  21
23225BLUE CANYON, CA                   19  19  55  58  60  62  65  62  61  55  54  47  46  39  38  33  39  32  44  39  49  49  55  60  55  59  52  50
93193FRESNO, CA                        48  48  91  67  88  55  85  46  79  34  70  26  64  23  60  21  64  23  69  26  76  34  86  53  90  67  77  40
23129LONG BEACH, CA                    41  41  75  52  78  54  80  54  80  50  81  55  82  56  82  54  82  53  83  54  80  54  78  52  77  53  80  54
23174LOS ANGELES AP, CA                52  52  71  60  75  64  78  66  79  64  82  67  84  68  85  68  85  69  83  68  79  66  71  62  68  60  79  66
93134LOS ANGELES C.O., CA              52  52  64  49  70  52  73  51  78  54  80  55  80  55  80  52  79  53  75  53  72  54  60  47  60  48  73  52
24215MOUNT SHASTA, CA                  13  13  66  66  60  60  52  52  43  43  40  39  36  36  29  28  29  29  34  33  46  46  63  62  68  67  47  47
24257REDDING, CA                       25  25  84  60  81  51  77  45  75  38  71  32  62  24  59  18  59  17  60  21  68  32  81  51  82  60  72  38
23232SACRAMENTO, CA                    25  25  90  69  88  60  85  52  82  44  81  37  78  32  77  29  78  29  77  30  80  38  87  57  88  67  83  46
23188SAN DIEGO, CA                     51  51  71  57  74  60  75  60  75  59  77  64  80  67  82  67  82  67  80  66  76  64  72  61  71  59  77  63
23234SAN FRANCISCO AP, CA              52  52  86  68  84  66  82  63  81  60  83  60  83  59  86  60  86  61  83  59  81  59  83  64  84  68  84  63
23272SAN FRANCISCO C.O., CA             8   8  63  63  63  63  62  61  62  61  68  68  64  63  65  65  65  64  58  58  53  53  56  55  56  55  61  61
23190SANTA BARBARA, CA                 12  12  80  58  81  59  81  59  78  59  83  61  88  64  90  65  90  66  87  66  81  63  79  58  81  60  84  62
23273SANTA MARIA, CA                   35  35  82  62  84  62  85  64  88  61  90  61  91  61  89  62  90  62  90  63  84  62  80  62  80  61  87  62
23237STOCKTON, CA                      35  35  90  71  88  61  85  50  79  41  74  33  71  29  69  27  69  28  71  30  75  37  83  56  89  70  79  45
23061ALAMOSA, CO                       54  54  78  57  78  49  74  36  70  29  71  27  72  24  82  35  84  38  81  33  76  34  77  46  77  56  77  39
93037COLORADO SPRINGS, CO              51  51  57  46  60  41  61  38  62  35  67  37  66  35  68  39  71  43  66  38  59  37  59  45  57  49  63  41
03017DENVER, CO                        43  43  62  50  66  45  66  39  67  36  69  38  68  35  67  34  68  36  67  34  65  37  66  48  64  52  67  41
23066GRAND JUNCTION, CO                48  48  78  63  73  48  64  34  57  27  53  24  43  18  47  21  52  24  53  26  59  34  70  48  77  61  61  36
93058PUEBLO, CO                        32  32  69  48  67  39  68  33  67  30  69  31  69  28  72  31  75  35  71  31  69  34  72  44  69  51  70  37
94702BRIDGEPORT, CT                    45  45  70  58  69  55  69  54  68  53  74  59  77  60  76  60  78  60  80  60  78  58  75  59  72  59  74  58
14740HARTFORD, CT                      52  52  72  56  72  53  71  50  68  44  73  47  77  52  77  51  82  52  85  54  83  51  78  55  75  58  77  52
13781WILMINGTON, DE                    64  64  75  59  74  55  73  52  72  50  76  53  77  54  78  54  82  56  84  56  84  54  80  55  76  59  78  55
93738WASHINGTON DULLES AP, D.C.        42  42  75  56  76  52  76  50  75  48  80  54  81  54  82  54  85  54  87  55  87  53  81  54  78  56  81  54
13743WASHINGTON NAT'L AP, D.C.         51  51  70  55  70  51  69  49  69  48  74  52  75  52  75  52  78  54  80  55  79  53  75  54  71  56  74  53
12832APALACHICOLA, FL                  42  42  66  66  65  65  66  65  64  64  65  65  67  67  71  71  75  75  69  69  62  62  64  63  68  67  67  66
12834DAYTONA BEACH, FL                 67  67  87  58  86  56  86  54  84  53  84  56  86  63  88  64  90  66  89  66  86  62  87  59  87  60  87  60
12835FORT MYERS, FL                    67  67  88  56  87  53  87  51  86  47  86  49  87  57  88  59  89  60  90  60  88  56  89  55  88  56  88  55
12816GAINESVILLE, FL                   28  28  88  56  88  54  89  50  87  47  87  48  86  56  87  59  89  60  92  61  90  58  91  57  89  58  89  56
13889JACKSONVILLE, FL                  75  75  87  57  86  53  86  50  86  48  85  50  87  57  88  58  91  60  91  62  90  58  89  56  88  58  88  56
12836KEY WEST, FL                      63  63  82  69  81  67  79  65  76  63  76  65  77  68  76  66  77  67  80  69  81  69  81  68  82  69  79  68
12839MIAMI, FL                         47  47  83  59  82  57  80  55  77  54  78  58  82  65  81  63  83  64  85  66  84  62  83  61  82  59  82  61
12815ORLANDO, FL                       48  48  87  55  87  52  87  49  86  46  86  48  88  57  90  58  91  60  91  60  88  56  89  55  88  57  89  55
13899PENSACOLA, FL                     48  48  81  67  81  65  83  65  85  64  86  66  84  65  85  69  87  70  84  67  81  62  81  64  81  68  84  66
93805TALLAHASSEE, FL                   50  50  86  56  86  52  88  49  89  46  88  48  89  55  91  59  93  60  91  57  89  51  89  53  87  56  89  54
12842TAMPA, FL                         48  48  86  59  85  56  85  54  84  51  83  52  84  60  85  63  88  64  89  62  87  57  86  57  86  59  86  58
12843VERO BEACH, FL                    48  48  87  59  87  56  85  55  83  54  82  58  80  60  82  60  84  61  82  60  80  58  79  56  82  56  83  58
12844WEST PALM BEACH, FL               47  47  83  58  83  56  81  55  77  54  78  58  82  65  83  64  84  64  85  66  83  62  82  60  82  60  82  61
13873ATHENS, GA                        56  56  80  56  78  53  80  51  81  48  85  53  86  54  88  57  90  57  90  57  88  54  84  53  81  56  85  55
13874ATLANTA, GA                       51  51  78  58  76  54  77  51  78  49  81  53  82  55  86  58  87  58  86  58  83  53  81  54  79  58  82  55
03820AUGUSTA,GA                        47  47  83  52  82  48  84  47  85  44  85  48  85  51  87  54  90  56  90  53  90  50  88  49  85  51  87  51
93842COLUMBUS, GA                      66  66  82  57  81  53  83  50  84  47  83  49  84  52  87  56  88  55  88  55  87  51  86  52  83  56  85  53
03813MACON, GA                         47  47  83  56  83  52  85  50  86  47  86  49  86  52  88  55  91  56  91  56  89  51  87  51  84  55  87  53
03822SAVANNAH, GA                      47  47  82  54  82  50  83  48  83  45  85  50  86  55  88  57  90  60  90  59  88  54  86  52  84  54  86  54
21504HILO, HI                          62  62  77  66  77  65  79  66  80  68  78  67  77  65  80  67  80  68  78  67  79  68  81  70  80  68  79  68
22521HONOLULU,HI                       42  42  79  61  76  58  72  57  69  55  66  53  65  51  66  51  66  51  68  52  69  55  73  59  77  60  71  56
22516KAHULUI, HI                       47  47  81  61  79  60  76  59  73  58  70  55  66  53  69  55  70  55  69  54  72  56  76  60  79  61  74  58
22536LIHUE, HI                         62  62  81  66  79  65  78  66  76  67  74  66  74  65  75  65  75  65  75  64  77  67  79  69  80  68  77  67
24131BOISE, ID                         72  72  80  70  78  58  72  43  70  36  68  33  65  29  53  20  51  21  57  28  65  38  76  59  81  70  68  43
24149LEWISTON, ID                      53  53  79  70  78  60  75  49  74  42  75  39  72  36  59  24  56  24  65  31  77  48  81  67  80  73  73  47
24156POCATELLO, ID                     48  48  80  72  79  64  76  50  71  39  71  35  71  32  64  24  62  22  66  28  71  39  77  60  80  72  73  45
93809CAIRO,IL                          24  24  69  69  65  65  59  58  53  53  57  56  55  55  57  56  56  56  55  54  52  52  59  58  67  67  59  58
94846CHICAGO,IL                        53  53  77  71  77  69  78  66  75  60  76  60  78  61  80  62  84  64  83  64  80  62  79  68  79  72  79  65
14923MOLINE, IL                        51  51  75  70  77  68  77  65  76  61  79  61  81  62  84  65  88  67  86  66  80  62  78  67  79  72  80  66
14842PEORIA, IL                        52  52  79  72  79  70  79  67  75  62  79  63  81  64  85  66  87  68  85  66  82  64  81  70  82  74  82  68
94822ROCKFORD, IL                      48  48  79  73  80  70  79  67  77  62  78  61  81  63  85  66  89  69  88  67  83  65  81  71  82  75  82  68
93822SPRINGFIELD, IL                   52  52  79  72  79  71  79  68  77  62  79  61  82  63  85  66  88  68  86  65  81  62  80  69  81  74  82  67
93817EVANSVILLE, IN                    50  50  78  70  77  68  77  65  77  61  82  63  82  63  85  65  86  65  87  65  82  62  79  67  79  71  81  66
14827FORT WAYNE, IN                    50  50  81  72  81  69  80  62  78  55  79  55  80  55  84  55  88  58  88  56  85  57  83  66  83  74  83  62
93819INDIANAPOLIS, IN                  52  52  81  70  80  66  79  60  77  55  81  56  82  56  85  58  88  59  88  56  85  56  83  65  83  71  83  61
14848SOUTH BEND, IN                    48  48  81  72  81  68  79  60  77  54  78  54  79  54  82  56  87  58  87  57  83  59  82  67  83  74  82  62
14933DES MOINES, IA                    50  50  76  70  77  69  76  65  74  60  76  62  79  63  82  65  84  66  82  66  77  62  77  68  79  72  79  66
94908DUBUQUE,IA                        44  44  78  74  78  71  78  68  75  63  78  65  82  67  85  69  88  71  86  70  80  66  80  71  81  76  81  70
14943SIOUX CITY, IA                    52  52  78  72  79  71  79  68  76  60  77  62  81  65  85  67  88  69  85  67  79  62  80  69  81  74  81  67
94910WATERLOO, IA                      52  52  78  73  80  72  81  70  79  62  80  62  83  64  86  67  89  69  87  67  82  64  81  71  81  75  83  69
13984CONCORDIA, KS                     49  49  77  68  77  66  76  63  77  61  82  65  82  63  79  60  81  63  81  63  77  60  78  65  78  68  79  64
13985DODGE CITY, KS                    48  48  74  63  75  61  74  58  74  55  79  60  77  57  74  54  77  57  77  57  74  55  75  59  75  62  76  59
23065GOODLAND, KS                      45  45  75  60  76  53  77  47  77  43  82  47  81  42  81  40  82  42  79  42  75  47  75  58  74  61  78  49
13996TOPEKA, KS                        47  47  77  68  76  66  76  63  77  61  82  65  84  67  83  66  85  66  86  66  81  62  79  66  79  69  81  66
03928WICHITA, KS                       58  58  78  67  77  64  75  60  76  59  82  63  81  60  77  57  77  57  79  60  78  59  78  63  79  66  79  62
93814GREATER CINCINNATI AP             49  49  80  68  78  63  77  58  76  53  80  56  82  56  84  57  87  56  87  56  83  55  80  62  80  68  82  59
03889JACKSON, KY                       30  30  77  63  75  59  72  52  70  48  81  57  85  61  88  63  89  61  87  59  82  54  74  56  78  64  80  59
93820LEXINGTON, KY                     48  48  80  68  79  63  77  57  75  54  80  57  83  57  85  58  86  57  87  57  83  56  80  61  81  68  82  60
93821LOUISVILLE, KY                    51  51  77  64  76  60  75  56  75  51  81  55  81  56  83  57  85  56  86  56  84  53  78  59  78  65  80  58
03816PADUCAH KY                        27  27  78  73  77  71  74  68  77  67  84  72  86  72  88  75  89  75  88  74  83  71  78  71  79  74  82  72
13970BATON ROUGE, LA                   52  52  83  69  83  66  85  65  87  65  89  66  90  67  91  70  91  70  90  68  88  64  88  67  85  69  88  68
03937LAKE CHARLES, LA                  47  47  86  73  86  71  88  70  89  69  91  71  91  71  92  73  92  72  90  70  89  66  88  69  87  72  90  71
12916NEW ORLEANS, LA                   63  63  83  69  82  67  83  66  85  65  87  65  88  67  89  70  90  70  87  69  85  64  84  66  84  69  86  68
13957SHREVEPORT, LA                    59  59  81  67  81  65  81  62  84  63  87  66  88  65  88  64  87  63  86  63  86  62  85  65  83  67  85  65
14607CARIBOU, ME                       67  67  76  66  75  62  76  59  74  55  73  52  78  56  82  58  85  58  87  60  85  62  84  70  80  70  80  61
14764PORTLAND, ME                      71  71  75  60  74  56  73  57  72  54  74  58  78  61  79  59  82  59  84  60  83  58  81  61  78  60  78  59
93721BALTIMORE, MD                     58  58  72  56  72  53  71  50  71  48  75  52  76  51  78  52  82  54  84  55  83  53  78  54  74  56  77  53
14753BLUE HILL, MA                     56  56  62  62  58  58  58  57  52  52  56  56  59  59  57  57  59  58  60  60  57  57  61  61  62  61  59  58
14739BOSTON, MA                        47  47  68  57  67  55  68  56  67  55  71  59  73  59  72  56  76  59  78  60  76  57  73  58  69  58  72  58
94746WORCESTER, MA                     56  56  73  59  71  56  70  54  67  49  69  51  74  57  76  57  78  58  81  60  78  56  77  60  74  61  75  57
94849ALPENA, MI                        52  52  81  70  80  65  82  59  78  52  77  51  79  52  83  53  89  57  90  60  86  61  84  68  83  72  83  61
94847DETROIT, MI                       53  53  80  69  79  64  78  59  76  53  76  53  78  54  80  53  85  56  86  56  83  56  81  64  80  70  81  59
14826FLINT, MI                         48  48  80  71  79  67  79  60  76  54  76  54  79  55  83  54  87  57  88  58  84  59  82  66  82  72  82  61
94860GRAND RAPIDS, MI                  48  48  82  72  81  68  80  61  77  55  78  53  80  55  83  55  87  58  88  59  85  61  82  68  82  74  83  62
94814HOUGHTON LAKE, MI                 47  47  83  73  83  67  83  60  79  52  77  50  81  54  84  54  90  58  91  61  88  63  86  71  85  75  85  62
14836LANSING, MI                       48  48  81  72  80  67  80  61  77  55  77  53  80  56  84  56  89  58  89  59  86  61  84  68  84  74  83  62
14840MUSKEGON, MI                      51  51  80  74  80  70  79  62  76  56  75  55  79  58  83  58  87  61  87  62  83  64  80  69  81  75  81  64
14847SAULT STE. MARIE, MI              70  70  80  73  80  69  81  65  78  58  78  54  84  61  87  61  90  62  91  65  88  67  85  74  83  76  84  66
14913DULUTH, MN                        50  50  77  73  76  69  77  68  74  61  75  59  81  66  84  66  87  70  86  70  81  68  80  73  80  76  80  69
14918INTERNATIONAL FALLS, MN           69  69  75  71  74  67  76  64  75  57  77  56  83  62  87  64  90  66  90  69  84  68  83  75  80  75  82  67
14922MINNEAPOLIS-ST.PAUL, MN           52  52  75  70  75  68  75  65  71  57  73  57  76  61  78  61  82  64  82  65  78  64  78  69  78  72  77  65
14925ROCHESTER, MN                     51  51  80  77  80  75  81  73  77  65  78  63  81  65  85  68  88  70  86  70  81  67  82  74  83  78  82  71
14926SAINT CLOUD, MN                   59  59  77  72  78  69  80  67  78  58  78  57  84  62  87  63  90  66  89  66  83  64  82  71  80  74  83  66
03940JACKSON, MS                       48  48  84  70  84  66  84  64  87  63  89  65  89  65  91  68  92  67  91  67  90  64  88  66  86  69  88  67
13865MERIDIAN, MS                      47  47  85  68  85  65  86  64  89  64  90  66  90  66  92  69  92  68  91  68  90  65  88  65  86  68  89  67
93862TUPELO, MS                        28  28  79  72  79  71  78  67  81  68  86  71  87  72  88  73  88  73  87  72  87  71  83  72  81  73  84  72
03945COLUMBIA, MO                      42  42  78  71  78  69  76  65  76  63  83  69  85  69  86  67  87  68  85  68  82  66  79  69  80  72  82  68
03947KANSAS CITY, MO                   39  39  76  69  76  68  75  65  74  63  80  67  83  68  83  68  84  69  83  68  78  64  77  68  78  70  79  68
13994ST. LOUIS, MO                     51  51  79  69  78  67  77  63  74  60  79  62  80  62  81  63  83  64  84  65  80  62  78  66  80  70  80  65
13995SPRINGFIELD, MO                   51  51  77  67  77  65  76  62  77  62  84  67  85  68  85  65  85  64  85  67  81  63  79  66  78  68  81  66
24033BILLINGS, MT                      52  52  65  57  66  51  68  46  69  41  70  42  71  39  63  31  60  29  64  36  64  43  65  53  65  57  66  44
94008GLASGOW, MT                       47  47  78  74  80  71  81  58  75  41  74  40  77  41  73  34  69  31  72  37  75  48  79  65  79  74  77  52
24143GREAT FALLS, MT                   50  50  66  61  68  55  69  48  69  42  71  41  73  41  67  30  65  30  67  37  65  44  65  56  65  60  68  46
24144HELENA, MT                        46  46  72  63  72  54  72  45  70  39  70  38  72  38  65  29  66  29  70  34  72  43  73  57  73  65  71  45
24146KALISPELL, MT                     47  47  81  76  81  67  80  54  78  43  80  43  84  45  83  35  81  33  83  41  84  54  83  72  83  79  82  54
24153MISSOULA, MT                      51  51  84  76  84  65  82  50  80  42  80  42  82  42  76  29  74  29  80  38  84  50  85  70  85  79  82  51
14935GRAND ISLAND, NE                  50  50  77  68  77  66  78  64  77  59  80  61  81  60  82  62  84  64  82  61  78  58  78  63  78  68  80  63
14939LINCOLN, NE                       39  39  78  70  79  69  78  66  77  62  80  65  81  64  81  65  84  68  82  66  79  62  79  67  79  70  80  67
14941NORFOLK, NE                       66  66  76  67  78  67  79  65  77  56  79  57  81  59  82  61  85  62  82  59  78  56  78  63  78  68  80  62
24023NORTH PLATTE, NE                  47  47  79  69  79  67  79  63  78  59  81  62  82  63  82  62  84  63  81  60  80  58  80  64  80  67  81  64
14942OMAHA EPPLEY AP, NE               47  47  78  70  77  67  77  65  75  60  79  63  81  65  83  66  85  68  84  67  79  63  79  68  80  72  80  67
94918OMAHA (NORTH), NE                  9   9  63  63  63  63  59  59  54  53  56  55  56  56  63  63  63  62  60  60  56  55  65  65  67  67  60  60
24028SCOTTSBLUFF, NE                   46  46  74  58  75  50  77  44  77  41  79  42  79  40  80  37  83  39  80  38  77  43  76  53  75  59  78  46
24032VALENTINE, NE                     44  44  76  66  77  67  78  65  75  59  77  60  79  60  77  59  78  59  75  57  75  58  75  62  75  65  77  62
24121ELKO, NV                          44  44  79  61  79  53  77  41  73  33  71  29  63  23  53  17  52  18  58  21  65  28  74  47  76  59  69  36
23154ELY, NV                           59  59  74  56  75  51  72  41  69  33  67  29  57  22  52  20  55  21  58  23  64  31  71  45  72  55  66  36
23169LAS VEGAS, NV                     51  51  54  31  51  28  43  21  35  16  30  13  23  11  28  15  32  17  32  16  36  19  44  26  53  32  39  21
23185RENO, NV                          48  48  79  50  74  40  67  32  63  27  62  25  60  21  56  17  58  18  63  20  68  27  73  40  76  50  67  31
24128WINNEMUCCA, NV                    62  62  79  58  77  47  72  37  67  30  64  27  58  21  45  15  45  15  52  19  62  28  74  46  79  58  65  34
14745CONCORD, NH                       46  46  76  58  75  54  76  51  73  45  75  47  80  52  82  51  86  52  89  54  86  52  83  57  79  60  80  53
14755MT. WASHINGTON, NH                34  34  83  83  83  83  85  84  85  84  82  81  82  82  85  84  85  85  83  83  80  79  83  82  82  82  83  83
93730ATLANTIC CITY AP, NJ              47  47  77  58  77  54  76  53  75  51  77  55  79  56  81  56  85  58  86  58  86  55  82  57  78  57  80  56
14734NEWARK, NJ                        46  46  72  57  70  52  68  49  65  47  69  50  70  51  70  50  74  52  77  54  77  52  75  54  72  56  72  53
23050ALBUQUERQUE, NM                   51  51  66  38  61  31  54  24  46  18  45  18  44  17  58  27  64  30  60  30  59  29  62  34  68  42  58  29
23051CLAYTON, NM                       54  54  63  47  64  42  63  37  63  32  68  35  70  34  75  40  76  41  72  40  64  41  63  46  61  52  67  41
23009ROSWELL, NM                       38  38  69  40  64  32  57  25  52  21  57  23  62  25  68  31  73  35  74  37  69  36  67  38  68  42  66  33
14735ALBANY, NY                        46  46  77  63  76  58  75  53  70  48  74  52  78  56  80  55  84  57  87  59  85  57  81  62  79  65  79  57
04725BINGHAMTON, NY                    60  60  80  70  78  65  78  61  75  55  77  55  82  58  84  57  88  59  89  63  84  61  81  67  81  71  82  62
14733BUFFALO, NY                       51  51  79  72  79  69  79  64  75  57  74  55  77  57  78  55  82  57  83  59  81  60  79  67  80  72  79  63
04781ISLIP, NY                         51  51  75  60  74  56  75  55  74  54  75  56  71  54  73  56  76  56  78  56  78  54  74  55  70  54  75  56
94728NEW YORK C.PARK, NY               77  77  67  58  67  56  67  53  66  50  71  53  73  55  74  55  77  56  78  57  75  55  72  58  68  59  72  56
94789NEW YORK (JFK AP), NY             50  50  70  58  69  56  70  55  69  54  72  58  74  60  74  58  76  59  78  59  77  56  75  58  71  59  73  58
14732NEW YORK (LAGUARDIA AP), NY       49  49  66  57  64  53  66  52  66  50  70  52  71  53  71  52  74  54  74  56  72  54  70  56  67  58  70  54
14768ROCHESTER, NY                     48  48  78  69  78  65  78  60  75  54  75  54  79  56  81  54  85  57  87  60  84  60  81  66  80  70  81  61
14771SYRACUSE, NY                      48  48  77  68  77  64  77  59  74  52  75  53  78  56  79  55  84  57  86  60  84  60  80  66  79  70  80  60
03812ASHEVILLE, NC                     47  47  83  57  82  54  83  52  83  48  89  55  91  58  93  61  95  61  95  61  92  54  86  54  84  57  88  56
93729CAPE HATTERAS, NC                 54  54  79  67  79  65  79  63  77  61  80  65  81  68  84  70  84  69  82  67  80  64  80  64  79  66  81  66
13881CHARLOTTE, NC                     51  51  77  54  75  50  76  48  76  46  81  52  82  54  84  55  87  56  87  56  85  52  82  51  78  54  82  53
13723GREENSBORO-WNSTN-SALM-HGHPT,NC    48  48  77  54  75  50  75  49  75  47  81  53  82  55  85  57  88  58  88  58  86  53  81  51  78  54  81  54
13722RALEIGH, NC                       47  47  78  53  76  50  79  48  79  45  83  53  84  54  86  56  89  57  90  57  89  53  84  51  80  53  84  53
13748WILMINGTON, NC                    48  48  80  55  79  51  81  51  79  47  82  55  83  59  85  62  88  63  89  61  87  55  85  53  82  54  84  56
24011BISMARCK, ND                      52  52  76  72  78  71  80  68  77  59  77  58  82  62  82  58  81  57  81  59  78  59  80  69  78  73  80  64
14914FARGO, ND                         52  52  76  74  78  74  81  73  76  62  74  56  80  62  84  63  84  63  83  64  79  64  80  73  79  75  80  67
94014WILLISTON, ND                     50  50  79  75  81  74  82  69  77  59  76  57  80  59  78  57  75  56  77  59  77  62  80  72  80  75  79  65
14895AKRON, OH                         48  48  80  70  79  66  77  60  75  54  77  55  80  56  83  56  86  58  87  59  83  58  80  65  80  70  81  61
14820CLEVELAND, OH                     51  51  78  70  78  67  77  62  75  56  77  57  78  57  80  56  84  59  84  59  80  59  77  64  78  70  79  62
14821COLUMBUS, OH                      52  52  77  67  77  63  75  56  74  51  78  54  79  54  82  55  85  56  86  55  82  54  79  62  79  68  80  58
93815DAYTON, OH                        48  48  79  70  79  66  78  60  75  54  77  55  79  54  81  55  85  56  86  55  82  55  80  64  81  71  81  60
14891MANSFIELD, OH                     45  45  82  72  81  69  80  63  76  56  78  56  80  57  82  57  86  60  87  59  83  58  81  66  83  73  82  63
94830TOLEDO, OH                        56  56  80  70  80  66  80  59  78  53  79  52  81  53  84  54  89  57  89  56  85  56  82  65  82  72  83  60
14852YOUNGSTOWN, OH                    64  64  81  71  80  67  79  62  76  54  78  54  81  56  84  55  87  56  88  58  84  58  81  65  81  71  82  61
13967OKLAHOMA CITY, OK                 46  46  76  64  75  63  74  60  75  59  81  66  82  64  78  59  78  59  80  63  78  61  77  63  76  64  78  63
13968TULSA, OK                         51  51  76  65  75  62  73  59  75  58  83  65  83  66  79  61  80  60  83  65  80  61  77  63  77  65  79  63
94224ASTORIA, OR                       58  58  86  78  86  73  87  71  88  69  89  69  89  70  89  70  91  70  90  70  90  73  87  78  86  80  89  73
24221EUGENE, OR                        54  54  92  80  91  72  91  64  90  58  91  55  90  49  87  38  87  38  88  42  92  62  92  79  91  84  91  61
24225MEDFORD, OR                       50  50  90  70  87  56  86  49  84  44  82  38  77  32  72  25  72  25  77  28  85  42  91  67  91  75  83  47
24155PENDLETON, OR                     70  70  80  75  78  65  73  50  71  42  70  38  66  32  55  23  54  25  61  31  72  47  79  70  81  77  71  48
24229PORTLAND, OR                      71  71  85  75  85  66  85  60  86  55  85  53  82  49  81  44  82  44  85  47  89  62  88  74  86  78  85  59
24232SALEM, OR                         49  49  87  76  87  67  87  61  87  57  87  53  86  49  84  39  85  39  87  44  90  60  89  77  88  80  88  59
24235SEXTON SUMMIT, OR                 13  13  78  73  78  71  85  72  84  65  76  56  77  51  68  42  67  43  64  45  72  63  81  76  78  75  76  62
14737ALLENTOWN, PA                     61  61  76  61  74  56  74  52  73  49  76  52  79  53  80  52  85  55  87  56  86  55  81  58  78  61  80  56
14860ERIE, PA.                         46  46  77  72  77  70  76  65  74  61  75  62  77  63  78  63  81  64  81  64  77  63  74  67  76  71  77  66
14751HARRISBURG, PA                    49  49  58  58  56  55  52  52  50  49  52  52  53  53  53  52  55  55  57  56  55  54  57  57  59  58  55  54
14711MIDDLETOWN/HARRISBURG INTL APT    46  46  72  58  71  55  71  52  70  49  74  52  75  53  77  52  80  54  83  56  81  54  76  56  73  58  76  54
13739PHILADELPHIA, PA                  52  52  72  58  71  54  71  51  70  49  73  52  75  53  77  52  79  53  81  55  81  53  77  55  73  57  76  54
94823PITTSBURGH, PA                    51  51  77  65  75  61  75  56  72  50  76  52  79  53  82  54  85  55  86  56  82  55  78  60  78  66  79  57
14777AVOCA, PA                         56  56  75  64  74  60  73  56  71  50  75  52  81  56  82  55  85  57  86  59  84  57  78  62  77  65  79  58
14778WILLIAMSPORT, PA                  66  66  76  61  75  57  76  52  74  48  79  51  83  53  85  54  89  56  91  58  88  56  81  60  78  62  82  56
94793BLOCK IS.,RI                      15  15  65  65  66  65  65  65  66  65  67  66  69  69  72  72  71  71  70  70  66  66  65  65  65  65  67  67
14765PROVIDENCE, RI                    48  48  71  56  70  53  70  52  68  48  72  53  75  56  76  55  79  56  81  56  79  54  77  56  73  57  75  55
13880CHARLESTON AP,SC                  69  69  82  54  81  51  82  49  82  48  84  53  85  58  87  61  89  62  89  61  88  55  86  52  83  54  85  55
13883COLUMBIA, SC                      45  45  81  52  80  48  82  46  81  42  83  47  84  50  86  52  89  55  89  54  89  50  87  49  83  51  85  50
03870GREENVILLE-SPARTANBURG AP, SC     49  49  76  53  74  50  75  49  76  47  81  52  82  53  85  55  87  57  87  57  85  52  81  51  78  54  81  53
14929ABERDEEN, SD                      43  43  79  74  80  75  82  73  80  64  79  62  83  66  85  64  86  64  84  64  81  64  82  73  81  76  82  69
14936HURON, SD                         52  52  77  71  80  72  82  70  80  62  82  62  84  65  85  62  87  63  84  63  80  62  80  68  79  73  82  67
24090RAPID CITY, SD                    61  61  69  64  72  61  74  54  73  47  75  48  77  49  73  41  71  37  68  39  68  47  69  59  69  64  72  51
14944SIOUX FALLS, SD                   48  48  78  72  80  72  81  69  79  62  79  62  80  64  83  64  85  66  84  66  80  64  81  70  81  74  81  68
13877BRISTOL-JHNSN CTY-KNGSPRT,TN      50  50  81  61  80  57  80  52  81  49  87  54  88  56  90  59  92  58  92  56  89  52  84  55  82  61  86  56
13882CHATTANOOGA, TN                   81  81  81  61  80  56  80  52  81  48  85  52  86  54  88  56  89  56  89  55  89  52  84  55  82  60  85  55
13891KNOXVILLE, TN                     51  51  81  63  80  59  79  54  80  51  85  56  87  57  88  59  90  58  90  57  89  55  85  58  82  63  85  58
13893MEMPHIS, TN                       72  72  77  65  76  62  74  59  76  58  80  60  80  61  82  62  83  61  83  60  80  57  77  60  77  65  79  61
13897NASHVILLE, TN                     46  46  77  68  76  65  75  61  77  60  83  64  84  64  85  65  86  65  86  66  83  62  79  65  78  68  81  65
13962ABILENE, TX                       48  48  70  58  70  58  68  54  70  53  76  59  75  59  69  54  70  55  75  60  73  58  72  59  70  58  72  58
23047AMARILLO, TX                      50  50  69  55  70  56  67  50  66  46  72  52  74  53  71  51  75  55  76  57  72  52  70  53  69  55  71  53
13958AUSTIN, TX                        50  50  76  65  76  64  77  62  80  63  85  67  85  65  84  61  82  60  81  62  81  62  80  64  77  65  81  64
12919BROWNSVILLE, TX                   45  45  87  73  88  70  87  68  87  68  89  70  89  69  89  66  89  67  90  70  88  69  86  69  86  72  89  70
12924CORPUS CHRISTI, TX                47  47  85  73  86  71  86  69  88  70  91  73  91  72  92  68  90  68  89  69  88  68  86  69  84  70  88  70
03927DALLAS-FORT WORTH, TX             48  48  76  65  76  64  76  62  78  62  83  66  81  62  76  57  74  57  79  61  78  61  78  63  76  64  78  63
22010DEL RIO, TX                       32  32  71  64  68  62  67  60  69  62  74  66  73  65  70  63  70  64  76  67  76  68  76  67  72  64  72  65
23044EL PASO, TX                       51  51  63  33  54  26  45  20  38  16  39  16  43  18  60  29  64  32  65  32  61  29  59  32  63  37  55  27
12923GALVESTON, TX                     96  96  77  77  74  74  75  74  75  75  74  73  71  70  71  70  70  69  69  68  66  65  72  72  77  76  72  72
12960HOUSTON, TX                       42  42  83  71  84  69  85  69  86  68  89  70  89  69  90  68  90  68  90  69  89  67  87  69  85  70  88  69
23042LUBBOCK, TX                       64  64  70  54  69  54  65  47  65  45  71  50  73  51  71  52  74  55  77  57  75  54  71  52  70  53  71  53
23023MIDLAND-ODESSA, TX                48  48  69  54  68  52  63  45  62  42  69  47  71  50  67  50  70  52  75  57  75  54  72  52  69  52  70  51
12917PORT ARTHUR, TX                   51  51  86  73  86  70  87  69  89  70  90  71  91  72  93  73  93  72  90  71  90  67  88  69  87  72  90  71
23034SAN ANGELO, TX                    51  51  73  59  72  56  69  52  70  51  76  57  76  58  72  53  73  54  79  61  79  60  77  59  75  58  75  57
12921SAN ANTONIO, TX                   69  69  78  63  79  62  78  59  81  61  86  64  85  63  85  59  83  58  83  60  82  60  80  61  78  62  82  62
12912VICTORIA, TX                      50  50  86  71  86  69  87  68  88  68  91  70  91  70  92  67  91  67  91  69  90  67  88  68  86  71  89  69
13959WACO, TX                          48  48  80  68  80  67  80  65  82  65  85  68  83  64  79  58  76  56  81  62  82  63  82  66  80  67  81  65
13966WICHITA FALLS, TX                 51  51  76  61  76  60  75  57  76  56  82  61  81  59  74  52  75  53  80  60  80  58  79  60  77  61  78  59
24127SALT LAKE CITY, UT                51  51  79  70  78  60  70  46  66  39  64  33  58  26  50  21  52  23  60  29  68  42  75  59  79  71  67  44
14742BURLINGTON, VT                    46  46  73  64  74  60  74  57  72  51  72  50  76  54  77  53  81  55  84  59  80  59  77  64  76  67  77  58
13733LYNCHBURG, VA                     48  48  73  52  72  49  72  47  72  45  80  52  82  54  84  56  85  55  87  56  85  52  79  51  75  53  79  52
13737NORFOLK, VA                       63  63  74  58  74  56  74  54  73  51  76  56  78  57  80  58  83  61  83  61  81  58  78  56  75  58  78  57
13740RICHMOND, VA                      77  77  79  56  78  51  77  48  75  45  79  51  80  52  83  55  87  56  88  55  88  52  83  50  80  54  82  53
13741ROANOKE, VA                       47  47  69  52  68  49  69  47  70  46  78  52  79  53  81  54  85  54  86  55  82  51  75  51  71  53  77  52
93739WALLOPS ISLAND, VA                30  30  76  62  75  60  75  59  75  57  77  62  79  63  81  63  83  64  83  63  82  59  80  60  77  61  79  62
24227OLYMPIA, WA                       51  51  91  81  91  70  91  63  90  57  90  54  91  53  90  49  91  49  93  54  93  68  92  80  91  84  92  64
94240QUILLAYUTE, WA                    45  45  91  84  90  76  91  73  91  68  93  67  93  68  94  67  94  68  93  68  93  76  92  84  90  86  93  74
24233SEATTLE SEA-TAC AP, WA            52  52  82  75  81  67  83  62  83  58  84  54  82  53  81  48  83  50  86  56  87  67  84  75  82  78  84  62
24157SPOKANE, WA                       52  52  86  80  85  69  81  54  77  44  76  40  74  36  64  26  62  27  69  33  79  49  87  76  87  83  78  52
24243YAKIMA, WA                        62  62  84  72  82  57  77  41  72  33  71  31  70  30  68  25  71  27  76  31  80  43  84  63  85  76  77  45
03872BECKLEY, WV                       48  48  80  66  78  63  77  57  73  51  80  55  85  59  88  62  90  62  90  61  85  56  79  59  79  65  82  60
13866CHARLESTON, WV                    64  64  78  63  77  59  76  53  76  47  84  52  86  55  89  59  92  57  91  56  88  53  81  55  78  61  83  56
13729ELKINS, WV                        48  48  80  64  80  60  81  54  81  50  86  54  90  58  93  60  94  60  94  59  89  53  84  58  82  64  87  58
03860HUNTINGTON, WV                    50  50  78  64  77  60  75  54  75  48  84  54  87  57  89  59  91  58  91  58  87  54  80  58  79  64  83  58
14898GREEN BAY, WI                     50  50  77  73  78  71  80  69  77  64  79  62  82  65  85  65  89  69  88  70  84  68  82  72  80  74  82  69
14920LA CROSSE, WI                     50  50  77  69  77  67  78  65  75  57  78  58  81  60  84  62  87  65  87  66  80  63  78  68  79  72  81  65
14837MADISON, WI                       52  52  78  72  79  70  79  67  78  61  78  61  82  63  85  65  89  68  89  69  83  66  82  71  81  74  82  68
14839MILWAUKEE, WI                     51  51  75  70  75  69  77  67  76  64  76  64  78  65  80  66  84  68  83  68  79  66  78  69  78  73  79  68
24089CASPER, WY                        47  47  66  60  68  56  70  46  74  42  78  40  74  32  69  26  66  25  67  31  68  43  68  56  68  62  70  44
24018CHEYENNE, WY                      52  52  57  50  61  49  65  46  68  43  71  44  71  41  68  37  69  38  66  38  62  42  59  50  58  53  65  45
24021LANDER, WY                        65  65  68  59  68  53  65  45  65  39  65  37  60  31  54  26  52  26  57  32  63  41  68  55  67  61  63  43
24029SHERIDAN, WY                      47  47  70  66  72  60  74  51  74  46  77  47  78  45  72  34  68  32  71  38  72  50  72  62  71  66  73  50
41415GUAM, PC                          18  18  85  72  84  70  84  68  85  69  86  70  86  72  88  76  90  78  91  78  89  77  87  76  85  74  87  74
21603JOHNSTON ISLAND, PC               23  23  68  68  69  68  71  70  71  71  71  70  70  69  70  69  72  71  72  72  73  72  74  73  72  72  71  70
40309KOROR, PC                         60  60  79  75  79  74  77  73  77  73  79  76  80  78  80  77  79  76  78  76  78  76  78  76  79  76  79  76
40604KWAJALEIN, MARSHALL IS., PC       49  49  73  72  71  71  72  71  75  74  77  77  77  76  78  78  78  77  77  77  78  77  78  77  76  76  76  75
40710MAJURO, MARSHALL IS, PC           56  56  79  75  78  74  79  75  81  77  82  78  82  78  82  77  81  76  81  76  81  76  81  77  80  77  81  77
61705PAGO PAGO, AMER SAMOA, PC         43  43  87  75  87  75  88  75  88  76  86  76  84  76  83  75  83  74  83  74  85  77  85  76  85  76  86  76
40504POHNPEI, CAROLINE IS., PC         41  41  84  78  83  76  85  77  88  79  90  81  91  80  93  79  94  79  94  79  94  80  92  80  87  79  90  79
40505CHUUK, E. CAROLINE IS., PC        41  41  81  76  80  75  81  75  83  78  85  79  85  79  87  78  87  77  87  77  86  78  85  78  82  78  85  78
41606WAKE ISLAND, PC                   45  45  66  66  66  66  68  67  68  68  69  68  69  68  70  70  72  71  72  71  72  71  70  69  68  67  69  69
40308YAP, W CAROLINE IS., PC           63  63  79  75  79  74  78  73  78  73  79  75  81  77  82  77  82  78  81  77  81  78  81  78  80  77  81  77
11641SAN JUAN, PR                      56  56  81  65  79  62  76  60  75  62  77  66  76  65  78  67  79  67  78  67  79  67  80  67  81  66  79  66
