     DATA THROUGH 2011               YRS    JAN    FEB    MAR    APR    MAY    JUN    JUL    AUG    SEP    OCT    NOV    DEC    ANN
03883BIRMINGHAM C.O.,AL               11     10     10     11      9     10      9     12     10      9      8     10      9    117
13876BIRMINGHAM AP,AL                 68     11     10     10      9      9     10     12      9      7      6      8     10    111
03856HUNTSVILLE, AL                   44     11      9     11      9     10      9     10      8      8      7      9     10    111
13894MOBILE, AL                       70     10      9      9      7      8     11     15     13      9      6      7      9    113
13895MONTGOMERY, AL                   67     10      9      9      7      8      9     11      9      7      5      7      9    100
26451ANCHORAGE, AK                    47      7      7      6      5      6      8     11     14     14     12      9     10    109
25308ANNETTE, AK                      64     20     18     20     18     16     15     14     15     18     23     22     22    221
27502BARROW, AK                       91      4      4      3      4      4      4      8     10     10     11      6      5     73
27401BARTER IS.,AK                    39      5      5      5      6      6      6      8     12     10     12      8      5     88
26615BETHEL, AK                       53      8      7      8      9     10     12     15     17     16     12     12     10    136
26533BETTLES,AK                       52      7      7      7      5      7     10     11     13     11     11     10     10    109
26415BIG DELTA,AK                     51      5      4      4      4      7     12     14     12      9      8      7      6     92
25624COLD BAY,AK                      66     19     17     18     17     17     16     17     20     21     23     22     21    228
26411FAIRBANKS, AK                    60      7      6      5      4      6     10     12     12      9     10      9      8     98
26425GULKANA,AK                       53      7      5      4      2      5      9     12     12     10      8      7      7     88
25507HOMER, AK                        55     13     11     10      9      9      9     11     13     15     15     13     15    143
25309JUNEAU, AK                       67     18     16     18     16     16     15     17     18     21     23     20     21    219
25503KING SALMON, AK                  66     10      9     10     10     12     13     15     17     16     13     12     11    148
25501KODIAK, AK                       62     17     16     16     16     17     15     14     14     16     16     16     17    190
26616KOTZEBUE, AK                     68      8      7      7      7      5      6     10     14     12     10      9      9    104
26510MCGRATH, AK                      69      9      8      8      7      9     12     14     16     13     12     11     11    130
26617NOME, AK                         65     10      8      9      8      8      9     12     15     13     11     11     10    124
25713ST. PAUL ISLAND, AK              93     17     15     15     13     13     12     14     18     19     22     21     19    198
26528TALKEETNA, AK                    57      8      8      8      7     11     12     14     16     15     12     10     11    132
26627UNALAKLEET, AK                   17      6      5      6      6      6      8     12     16     12     10      8      8    103
26442VALDEZ, AK                       39     16     14     14     14     15     14     17     17     20     19     15     17    192
25339YAKUTAT, AK                      65     19     18     19     18     18     16     18     18     21     24     21     22    232
03103FLAGSTAFF, AZ                    62      7      7      7      5      4      2     11     12      6      5      5      6     77
23183PHOENIX, AZ                      72      3      4      3      1      0      0      4      4      2      2      2      3     28
23160TUCSON, AZ                       71      4      3      3      1      1      1      9      9      4      3      2      4     44
23194WINSLOW, AZ                      80      4      4      4      3      2      1      6      8      5      3      3      4     47
23195YUMA, AZ                         45      3      2      2      1      *      *      1      2      1      1      1      2     16
13964FORT SMITH, AR                   66      7      7      9      9     10      8      7      6      7      7      7      7     91
13963LITTLE ROCK, AR                  69      9      9     10      9     10      8      8      6      7      7      8      9    100
03952NORTH LITTLE ROCK, AR            33      9      9      9      9     11      8      8      6      7      7      8      9    100
23155BAKERSFIELD, CA                  74      6      6      6      4      1      0      0      0      1      2      4      5     35
23157BISHOP, CA                       64      3      3      2      2      2      1      1      1      1      1      2      2     21
23225BLUE CANYON, CA                  64     12     11     12     10      7      3      0      1      2      6     10     13     87
24213EUREKA, CA.                     101     16     14     15     12      8      5      2      2      4      8     13     15    114
93193FRESNO, CA                       62      7      7      6      4      2      0      1      1      1      2      5      7     43
23129LONG BEACH, CA                   67      5      5      5      3      1      1      1      1      1      2      3      5     33
23174LOS ANGELES AP, CA               76      6      6      5      3      1      0      0      1      1      2      3      5     33
93134LOS ANGELES C.O., CA             71      6      5      5      3      1      0      1      1      1      2      3      5     33
24215MOUNT SHASTA, CA                 42     12     11     12      9      7      5      2      2      3      6     10     12     91
24257REDDING, CA                      25     12     11     11      8      6      3      0      0      1      4      8     11     75
23232SACRAMENTO, CA                   72     10      8      8      5      3      1      1      1      1      3      7      9     57
23188SAN DIEGO, CA                    71      6      6      6      4      1      0      1      0      1      2      4      6     37
23234SAN FRANCISCO AP, CA             84     10     10      9      6      3      1      1      1      1      3      7     10     62
23272SAN FRANCISCO C.O., CA           74     11     10     10      6      3      1      1      1      2      4      8     10     67
23190SANTA BARBARA, CA                75      5      6      6      2      1      0      0      1      1      2      3      5     32
23273SANTA MARIA, CA                  69      7      7      7      4      1      0      1      1      1      2      5      7     43
23237STOCKTON, CA                     69      9      8      8      5      2      0      1      1      1      3      7      7     52
23061ALAMOSA, CO                      65      3      3      5      5      5      5      8     10      6      4      3      4     61
93037COLORADO SPRINGS, CO             63      4      4      7      7     10      9     12     12      6      4      4      4     83
03017DENVER, CO                       69      5      5      8      8     10      8      9      8      6      5      5      5     82
23066GRAND JUNCTION, CO               65      6      6      7      6      6      4      4      6      6      5      5      5     66
93058PUEBLO, CO                       69      4      4      6      6      8      6      9      8      4      3      3      3     64
94702BRIDGEPORT, CT                   63     10      9     11     10     11     10      8      9      8      7      9     11    113
14740HARTFORD, CT                     57     10     10     11     11     12     11     10      9      9      9     10     11    123
13781WILMINGTON, DE                   64     10      9     10     11     11      9      9      8      8      7      9      9    110
93738WASHINGTON DULLES AP, D.C.       48      9      8     10     10     12     10     10      9      8      7      9      9    111
13743WASHINGTON NAT'L AP, D.C.        70     10      8     10     10     11      9      9      8      8      7      8      9    107
12832APALACHICOLA, FL                 61      9      8      8      6      5     10     15     14     11      5      6      8    105
12834DAYTONA BEACH, FL                68      7      7      7      5      7     12     13     13     13     10      7      7    108
12835FORT MYERS, FL                   68      5      5      5      4      7     15     17     17     15      7      4      4    105
12816GAINESVILLE, FL                  28      8      7      7      5      6     14     15     15     11      7      6      6    107
13889JACKSONVILLE, FL                 70      8      7      8      6      7     12     14     14     12      8      6      7    109
12836KEY WEST, FL                     63      6      5      5      4      7     11     12     14     15     11      6      6    102
12839MIAMI, FL                        69      6      6      6      6     10     15     16     17     17     13      8      6    126
12815ORLANDO, FL                      69      6      6      7      5      8     14     16     16     13      8      5      6    110
13899PENSACOLA, FL                    48      9      8      8      6      7     10     14     13      8      5      7      9    104
93805TALLAHASSEE, FL                  50      9      8      8      6      7     13     16     14      8      5      6      8    108
12842TAMPA, FL                        65      6      6      6      4      6     11     15     16     12      6      5      6     99
12843VERO BEACH, FL                   28      7      6      7      6      8     13     13     14     15     11      8      7    115
12844WEST PALM BEACH, FL              69      7      7      7      6     10     14     14     16     16     12      8      8    125
13873ATHENS, GA                       68     11      9     10      8      8      9     10      8      7      6      8     10    104
13874ATLANTA, GA                      77     11      9     10      8      9      9     11      9      7      6      8     10    107
03820AUGUSTA,GA                       61     10      8      9      7      8     10     11     10      7      6      6      9    101
93842COLUMBUS, GA                     66     10      9      9      7      8      9     12     10      7      5      7      9    102
03813MACON, GA                        63     10      9      9      7      8      9     12     10      7      5      7      9    102
03822SAVANNAH, GA                     61      9      8      8      6      8     11     13     12     10      6      6      8    105
21504HILO, HI                         69     17     17     22     25     24     24     27     26     23     23     23     21    272
22521HONOLULU,HI                      62      9      8      8      8      6      5      7      6      6      8      9     10     90
22516KAHULUI, HI                      53     10      9     10      9      5      4      6      6      4      6      9     10     88
22536LIHUE, HI                        61     14     13     16     16     15     16     19     17     15     17     17     17    192
24131BOISE, ID                        72     11      9      9      8      7      5      2      2      3      5     10     11     82
24149LEWISTON, ID                     65     11      9     10     10      9      8      4      4      5      7     10     11     98
24156POCATELLO, ID                    62     11      9      9      8      9      6      4      4      4      5      8     10     87
93809CAIRO,IL                         47     10      9     11     11     11      9      9      8      7      8      9     10    112
94846CHICAGO,IL                       53     10      9     11     12     11     10      9      9      8      9     10     11    119
14923MOLINE, IL                       79      9      8     10     11     11     10      9      9      8      7      8      9    109
14842PEORIA, IL                       72      9      8     10     11     11      9      8      8      8      8      9      9    108
94822ROCKFORD, IL                     61      9      8     10     11     11     10      9      9      8      8      9     10    112
93822SPRINGFIELD, IL                  64      9      8     11     11     11     10      8      8      7      7      9      9    108
93817EVANSVILLE, IN                   71     10      9     11     11     11      9      9      7      7      7      9     10    110
14827FORT WAYNE, IN                   65     12     10     12     13     12     10      9      9      8      9     10     12    126
93819INDIANAPOLIS, IN                 72     11     10     12     12     12     10      9      8      7      8     10     11    120
14848SOUTH BEND, IN                   72     15     12     13     13     11     10      9      9      9     10     12     15    138
14933DES MOINES, IA                   72      7      7      9     10     11     11      9      9      8      7      7      7    102
94908DUBUQUE,IA                       59      9      8     10     11     12     11     10      9      8      8      8      9    113
14943SIOUX CITY, IA                   71      6      6      8      9     11     11      9      9      8      6      5      6     94
94910WATERLOO, IA                     61      7      6      9     10     11     10      9      8      8      7      7      7     99
13984CONCORDIA, KS                    49      5      4      7      9     11      9      8      8      7      6      5      4     83
13985DODGE CITY, KS                   69      4      4      6      7      9      8      8      8      5      5      4      4     72
23065GOODLAND, KS                     91      4      4      6      7      9      9      8      8      5      4      4      3     71
13996TOPEKA, KS                       65      5      6      8      9     11     10      8      8      7      7      6      6     91
03928WICHITA, KS                      58      5      5      7      7     10      9      7      7      7      6      5      5     80
93814GREATER CINCINNATI AP            64     12     11     12     12     12     11     10      8      8      8     10     12    126
03889JACKSON, KY                      31     14     13     14     12     13     12     12      9      8      8     11     13    139
93820LEXINGTON, KY                    67     12     11     12     12     12     10     10      9      8      8     10     11    125
93821LOUISVILLE, KY                   64     11     10     12     11     12     10     10      8      8      7     10     11    120
03816PADUCAH KY                       28      9      9     10     10     11      9      8      6      6      7      9     10    104
13970BATON ROUGE, LA                  60      9      8      8      7      7     10     13     11      8      6      7      9    103
03937LAKE CHARLES, LA                 50      9      8      7      6      7      9     11     10      8      6      7      9     97
12916NEW ORLEANS, LA                  63      9      8      8      6      7     11     14     13      9      6      7      9    107
13957SHREVEPORT, LA                   59      9      8      9      8      8      8      7      6      6      6      8      9     92
14607CARIBOU, ME                      72     14     12     12     12     13     13     14     13     12     12     14     14    155
14764PORTLAND, ME                     71     11      9     11     11     12     11     10      9      8      9     11     11    123
93721BALTIMORE, MD                    61     10      8     10     10     11      9      9      9      8      7      8      9    108
14753BLUE HILL, MA                   126     12     10     12     11     12     11     10     10      9      9     10     11    127
14739BOSTON, MA                       60     11     10     11     11     11     10      9      9      8      9     10     11    120
94746WORCESTER, MA                    56     11     10     12     11     12     11     10     10      9      9     11     12    128
94849ALPENA, MI                       52     14     11     11     11     11     10     10     10     12     12     13     14    139
94847DETROIT, MI                      53     13     10     12     12     11     10      9      9      9      9     11     13    128
14826FLINT, MI                        70     13     10     12     12     11     10      9      9      9      9     12     13    129
94860GRAND RAPIDS, MI                 48     16     12     12     12     11     10      9      9     10     11     13     16    141
94814HOUGHTON LAKE, MI                47     14     10     11     11     10     10      9      9     11     12     13     14    134
14836LANSING, MI                      57     14     11     12     12     11     10      9      9     10      9     12     14    133
94850MARQUETTE, MI                    33     17     13     14     12     11     12     11     10     13     15     15     17    160
14840MUSKEGON, MI                     71     16     13     12     12     10      9      8      8      9     10     13     15    135
14847SAULT STE. MARIE, MI             70     18     14     12     11     11     11     10     10     13     14     17     19    160
14913DULUTH, MN                       70     11      9     10     10     12     12     11     11     11     10     10     11    128
14918INTERNATIONAL FALLS, MN          72     11      8      9      9     11     13     11     11     11     10     10     11    125
14922MINNEAPOLIS-ST.PAUL, MN          73      8      7      9     10     11     11      9      9      9      8      8      9    108
14925ROCHESTER, MN                    51      8      7     10     11     11     11     10      9     10      8      8      9    112
14926SAINT CLOUD, MN                  71      8      6      8      9     11     11      9      9      9      7      7      8    102
03940JACKSON, MS                      48     10      9      9      8      8      8     10      9      7      6      8      9    101
13865MERIDIAN, MS                     66     10      9      9      8      8      8     11      9      7      5      7      9    100
93862TUPELO, MS                       28     10     10     10      9     10      9      8      7      6      7      9     10    105
03945COLUMBIA, MO                     42      7      8     10     11     12      9      8      8      8      9      9      8    107
03947KANSAS CITY, MO                  39      6      6      9     10     11     10      8      8      8      7      7      7     97
13994ST. LOUIS, MO                    54      8      8     10     11     11      9      8      7      7      8      9      9    105
13995SPRINGFIELD, MO                  66      8      8     10     10     11     10      8      8      8      8      8      8    105
24033BILLINGS, MT                     77      7      7      9      9     11     11      7      6      6      6      6      6     91
94008GLASGOW, MT                      56      8      6      7      7     10     11      8      7      6      5      6      7     88
24143GREAT FALLS, MT                  74      8      7      9      9     11     11      7      7      7      6      6      7     95
24144HELENA, MT                       71      7      6      8      8     11     11      7      7      6      5      6      7     89
24146KALISPELL, MT                    62     14     11     11     10     11     12      7      7      8      9     12     14    126
24153MISSOULA, MT                     67     13     10     11     10     11     11      6      7      7      8     11     12    117
14935GRAND ISLAND, NE                 73      5      5      7      8     11     10      8      8      7      5      4      4     82
14939LINCOLN, NE                      40      5      5      8      9     11      9      9      8      7      6      5      5     87
14941NORFOLK, NE                      66      5      5      7      9     11     10      8      8      7      6      5      5     86
24023NORTH PLATTE, NE                 59      4      5      6      8     11     10      9      8      6      5      4      3     79
14942OMAHA EPPLEY AP, NE              75      6      6      8      9     11     10      9      8      8      6      5      6     92
94918OMAHA (NORTH), NE                18      5      6     10     11     12     10     10      9      9      7      6      7    102
24028SCOTTSBLUFF, NE                  68      5      5      7      8     11     11      8      6      6      5      4      5     81
24032VALENTINE, NE                    56      4      5      6      8     10     10      9      8      6      5      4      4     79
24121ELKO, NV                         81      9      8      8      7      8      5      3      3      3      4      6      8     72
23154ELY, NV                          73      6      7      7      7      7      4      5      5      4      5      5      6     68
23169LAS VEGAS, NV                    63      3      3      2      1      1      0      2      2      1      1      1      2     19
23185RENO, NV                         69      6      6      6      4      4      3      2      2      2      2      4      6     47
24128WINNEMUCCA, NV                   62      8      7      7      6      6      4      2      2      3      4      7      8     64
14745CONCORD, NH                      70     10      9     11     11     12     11     10      9      9      9     11     10    122
14755MT. WASHINGTON, NH               79     19     17     19     17     17     16     16     15     14     15     19     20    204
93730ATLANTIC CITY AP, NJ             68     10      9     10     11     10      9      8      8      7      7      9      9    107
13724ATLANTIC CITY C.O.,NJ            49      9      9     10     10     10      8      8      8      7      7      9     10    105
14734NEWARK, NJ                       70     10      9     11     11     11     10      9      9      8      8      9     10    115
23050ALBUQUERQUE, NM                  72      3      3      4      3      4      3      8      9      5      4      3      4     53
23051CLAYTON, NM                      62      3      3      4      5      7      7      9      9      5      3      3      3     61
23009ROSWELL, NM                      39      3      3      3      2      4      4      6      7      6      4      2      3     47
14735ALBANY, NY                       65     12     10     12     12     13     11     10     10      9      9     11     12    131
04725BINGHAMTON, NY                   60     16     14     15     13     13     12     11     10     10     12     14     16    156
14733BUFFALO, NY                      68     19     16     15     13     12     11     10     10     11     12     15     19    163
04781ISLIP, NY                        28     11      9     10     11     10     10      9      8      8      8     10     10    114
94728NEW YORK C.PARK, NY             142     11      9     11     10     11     10     10      9      8      8      9     10    116
94789NEW YORK (JFK AP), NY            53     10      9     11     10     11     10      9      8      8      8      9     10    113
14732NEW YORK (LAGUARDIA AP), NY      71     10      9     10     10     11     10      9      9      8      8      9     10    113
14768ROCHESTER, NY                    71     18     15     14     13     12     10     10     10     10     12     14     17    155
14771SYRACUSE, NY                     62     19     16     16     14     12     11     11     10     11     12     16     18    166
03812ASHEVILLE, NC                    47     10      9     11      9     11     12     12     12      9      7      9      9    120
93729CAPE HATTERAS, NC                54     10     10     10      8      9      9     11     11      9      9      9     10    115
13881CHARLOTTE, NC                    72     10      9     10      8      9      9     11      9      7      6      7      9    104
13723GREENSBORO-WNSTN-SALM-HGHPT,NC   83     10      9     10      9     10     10     11     10      7      7      8      9    110
13722RALEIGH, NC                      67      9      9     10      9     10      9     11     10      7      7      8      9    108
13748WILMINGTON, NC                   60     10      9      9      7      9     10     13     12      9      7      7      8    110
24011BISMARCK, ND                     72      7      6      7      7     10     11      9      8      7      5      6      7     90
14914FARGO, ND                        69      8      7      7      7     10     11      9      8      8      7      6      8     96
94014WILLISTON, ND                    50      8      6      7      7     10     11      8      7      7      5      6      8     90
14895AKRON, OH                        63     16     14     14     14     13     11     11      9      9     10     13     15    149
14820CLEVELAND, OH                    70     16     14     15     14     13     11     10      9      9     11     14     16    152
14821COLUMBUS, OH                     72     13     11     13     13     13     11     10      9      8      8     11     12    132
93815DAYTON, OH                       68     12     11     12     12     12     10     10      8      8      8     11     12    126
14891MANSFIELD, OH                    52     14     12     14     13     13     11     10     10      9     10     12     14    142
94830TOLEDO, OH                       56     13     10     12     12     12     10      9      9      9      9     11     13    129
14852YOUNGSTOWN, OH                   68     17     14     15     14     13     11     10     10     10     11     14     17    156
13967OKLAHOMA CITY, OK                72      5      6      7      7      9      8      6      6      7      6      5      5     77
13968TULSA, OK                        72      6      6      8      8     10      9      6      6      7      7      6      6     85
94224ASTORIA, OR                      58     22     18     20     18     15     13      7      7     10     16     20     21    187
94185BURNS,OR                         27     10      9     10      9      9      6      3      2      3      6     11     11     89
24221EUGENE, OR                       69     17     15     17     13     10      7      2      3      5     11     16     18    134
24225MEDFORD, OR                      82     13     11     11      9      8      4      1      1      3      7     12     14     94
24155PENDLETON, OR                    76     12     10     11      9      8      6      2      2      4      7     11     12     94
24229PORTLAND, OR                     71     18     15     17     15     12      9      3      4      7     12     18     18    148
24232SALEM, OR                        74     18     15     17     14     11      7      2      3      6     12     17     18    140
24235SEXTON SUMMIT, OR                74     16     14     16     12      9      5      1      2      5      9     15     16    120
14737ALLENTOWN, PA                    68     11      9     11     11     12     10     10      9      9      8      9     10    119
14860ERIE, PA.                        58     18     14     14     13     12     10      9     10     10     13     15     18    156
14751HARRISBURG, PA                   49     11     10     11     13     13     11     10      9      9      9     10     10    126
14711MIDDLETOWN/HARRISBURG INTL APT   33     10     10     11     11     12     10     10      9      9      8      9      9    118
13739PHILADELPHIA, PA                 71     10      9     10     10     11     10      9      9      8      8      9     10    113
94823PITTSBURGH, PA                   59     16     13     14     13     12     11     10      9      9     10     12     15    144
14777AVOCA, PA                        56     12     11     12     12     12     12     11     11      9      9     11     12    134
14778WILLIAMSPORT, PA                 67     11     10     12     12     13     11     11     10      9     10     11     11    131
94793BLOCK IS.,RI                     36     10      9     11     10     10      9      7      8      7      8     10     11    110
14765PROVIDENCE, RI                   58     11      9     11     11     11     10      9      9      8      8     10     11    118
13880CHARLESTON AP,SC                 69      9      8      9      7      8     11     13     12      9      6      6      8    106
13782CHARLESTON C.O.,SC               36      9      7      8      6      7     10     10     10      9      6      6      8     96
13883COLUMBIA, SC                     64     10      9      9      7      8     10     11     10      7      6      7      9    103
03870GREENVILLE-SPARTANBURG AP, SC    49     10      8     10      9     10     10     11     10      8      7      8      9    110
14929ABERDEEN, SD                     80      6      6      7      8      9     10      8      7      6      5      5      6     83
14936HURON, SD                        72      6      6      7      8     10     10      8      8      7      6      5      5     86
24090RAPID CITY, SD                   69      6      6      8      9     11     12      9      7      6      5      5      5     89
14944SIOUX FALLS, SD                  66      6      6      8      9     11     11      9      8      8      6      6      6     94
13877BRISTOL-JHNSN CTY-KNGSPRT,TN     66     13     11     13     11     11     11     12     10      8      8     10     11    129
13882CHATTANOOGA, TN                  81     11     10     11      9     10     10     11      9      7      7      8     10    113
13891KNOXVILLE, TN                    69     12     11     12     10     11     10     11      9      8      7      9     11    121
13893MEMPHIS, TN                      61      9      9     10      9      9      8      8      7      7      6      8      9     99
13897NASHVILLE, TN                    70     10     10     11     10     11      9     10      8      7      7      9     10    112
03841OAK RIDGE,TN                     70     12     11     12     10     11     11     12      9      8      8      9     11    124
13962ABILENE, TX                      72      4      5      5      5      7      6      4      5      5      5      4      4     59
23047AMARILLO, TX                     70      3      4      5      5      8      8      7      8      5      4      3      4     64
13958AUSTIN, TX                       70      7      7      7      7      8      6      4      5      6      6      7      7     77
12919BROWNSVILLE, TX                  69      7      5      4      3      4      5      4      6     10      6      6      6     66
12924CORPUS CHRISTI, TX               72      7      6      5      4      6      6      5      6      8      6      5      6     70
03927DALLAS-FORT WORTH, TX            58      6      6      7      7      8      6      4      4      6      6      6      6     72
22010DEL RIO, TX                      48      4      4      5      5      6      5      4      4      5      5      4      4     55
23044EL PASO, TX                      72      3      3      2      1      2      3      7      7      5      4      2      3     42
12923GALVESTON, TX                    63     10      8      8      6      6      7      9      9      9      7      8     10     97
12960HOUSTON, TX                      42     10      8      9      6      7      9      9      8      8      7      8      9     98
23042LUBBOCK, TX                      65      3      4      4      4      7      7      6      6      5      5      3      3     57
23023MIDLAND-ODESSA, TX               64      3      3      2      3      5      4      4      5      5      4      3      3     44
12917PORT ARTHUR, TX                  58      9      8      7      6      6      8     11     11      9      6      7      9     97
23034SAN ANGELO, TX                   64      4      4      4      4      6      5      4      5      5      5      3      3     52
12921SAN ANTONIO, TX                  69      7      7      7      6      8      6      4      5      6      6      6      7     75
12912VICTORIA, TX                     50      8      7      6      6      6      7      7      8      9      6      6      8     84
13959WACO, TX                         68      7      7      7      7      8      6      4      4      6      6      6      6     74
13966WICHITA FALLS, TX                68      4      5      6      6      8      6      5      5      6      6      4      4     65
23176MILFORD, UT                      56      7      7      8      6      5      3      5      6      4      4      5      6     66
24127SALT LAKE CITY, UT               83     10      8      9      9      8      5      4      5      5      6      7      9     85
14742BURLINGTON, VT                   68     14     11     12     12     13     12     12     12     11     12     13     14    148
13733LYNCHBURG, VA                    67     10      9     10      9     11     10     11      9      8      7      8      9    111
13737NORFOLK, VA                      63     10      9     10     10     10      9     11     10      8      7      8      9    111
13740RICHMOND, VA                     74     10      8     10      9     10      9     11      9      8      7      8      9    108
13741ROANOKE, VA                      64      9      9     10     10     12     10     11     10      8      7      8      8    112
93739WALLOPS ISLAND, VA               37     10      9     10     10     10      9     10      8      7      7      8      9    107
24227OLYMPIA, WA                      70     19     16     18     15     11      9      4      5      8     14     19     20    158
94240QUILLAYUTE, WA                   45     22     18     21     19     16     14     10      9     11     18     22     22    202
24281SEATTLE C.O., WA                 48     18     15     17     14     11      9      5      6      8     11     18     18    150
24233SEATTLE SEA-TAC AP, WA           67     18     15     17     14     11      9      5      5      8     13     18     18    151
24157SPOKANE, WA                      64     14     11     11      9      9      7      4      4      5      7     12     14    107
24160WALLA WALLA WASHINGTON           55     13     10     12     10      9      7      4      3      4      7     15     12    106
24243YAKIMA, WA                       65      9      7      6      5      5      4      2      2      3      5      8      9     65
03872BECKLEY, WV                      48     15     14     15     14     14     12     13     11     10     10     12     14    154
13866CHARLESTON, WV                   64     15     13     14     13     13     11     12     10      9      9     11     14    144
13729ELKINS, WV                       67     17     15     16     15     14     13     13     12     10     10     13     16    164
03860HUNTINGTON, WV                   50     13     12     13     12     13     11     11      9      8      9     11     12    134
14898GREEN BAY, WI                    62     10      8     10     10     11     10     10     10      9      9      9     10    116
14920LA CROSSE, WI                    59      8      7      9     10     11     11     10      9      9      8      8      9    109
14837MADISON, WI                      63     10      8     10     11     11     10     10      9      9      9      9      9    115
14839MILWAUKEE, WI                    71     11      9     11     12     11     10      9      9      8      9     10     10    119
24089CASPER, WY                       61      6      7      9     10     10      8      7      5      6      6      6      7     87
24018CHEYENNE, WY                     76      5      6      9      9     12     10     10     10      7      6      5      5     94
24021LANDER, WY                       65      4      5      7      8      8      6      5      4      5      5      5      4     66
24029SHERIDAN, WY                     71      8      8     10     10     11     10      7      6      7      7      7      8     99
41415GUAM, PC                         54     20     18     18     19     20     23     25     25     25     25     24     23    265
21603JOHNSTON ISLAND, PC              28     11     12     15     14     13     12     12     13     14     16     15     16    163
40309KOROR, PC                        60     22     19     20     19     23     24     24     22     20     22     22     24    261
40604KWAJALEIN, MARSHALL IS., PC      59     15     13     15     17     20     22     23     23     22     23     22     19    234
40710MAJURO, MARSHALL IS, PC          57     18     15     18     20     23     23     24     23     22     23     23     22    254
61705PAGO PAGO, AMER SAMOA, PC        45     24     21     23     21     20     18     18     17     17     21     20     22    242
40504POHNPEI, CAROLINE IS., PC        60     22     19     22     24     27     27     26     26     24     25     24     24    290
40505CHUUK, E. CAROLINE IS., PC       60     19     16     18     20     24     24     24     24     22     23     23     23    260
41606WAKE ISLAND, PC                  50     11     10     12     14     15     15     19     19     19     19     15     13    181
40308YAP, W CAROLINE IS., PC          63     20     17     17     17     21     23     24     23     22     23     22     22    251
11641SAN JUAN, PR                     56     17     13     12     13     16     15     18     18     17     17     18     19    193
